2
2.0086206896551726
0.6666666666666666
0
0
0
1
1.9933333333333334
1.9166666666666667
1
0
0
1
2
1.9491525423728813
0
0
0
2
2.0080645161290325
0.6666666666666666
0
0
0
0
1.0038022813688212
0.33375474083438683
1
0
0
1
2
1.9489361702127659
0
0
0
1
2
1.9497907949790796
0
0
0
1
2
1.95
0
0
0
1
2
1.9510204081632654
0
0
0
1
2
1.952755905511811
0
0
0
2
2
0.6676258992805756
0
0
0
2
2
1.9421487603305785
0
0
0
2
2
1.9406779661016949
0
0
0
0
1.0040983606557377
0.3337874659400545
1
0
0
2
2
1.9421487603305785
0
0
0
2
2
1.9421487603305785
0
0
0
6
1
0.4146341463414634
0
0
0
2
2
1.9414225941422594
0
0
0
0
2
0.4021838034576888
1
0
0
0
1.018018018018018
0.3383233532934132
0
0
0
11
0.01901469317199654
0.00918580375782881
1
0
0
293
4
0.012698412698412698
1
0
0
10
1
0.42857142857142855
0
0
0
0
0.011609907120743035
0.011135857461024499
1
0
0
0
0.011609907120743035
0.011135857461024499
1
0
0
0
2
0.40226628895184136
1
0
0
12
1.05
0.328125
0
0
0
11
0.01898188093183779
0.00917048770320967
1
0
0
9
0.017582417582417582
0.02545743834526651
1
0
0
7
1
0.4186046511627907
0
0
0
316
4
0.011834319526627219
1
0
0
11
3.6470588235294117
0.25833333333333336
0
0
0
1165
Infinity
0.002551020408163265
1
0
0
0
2
0.40372670807453415
1
0
0
3
0.8181818181818182
0.18
0
0
0
11
3.6470588235294117
0.25833333333333336
0
0
0
5
2.909090909090909
0.3106796116504854
0
0
0
223
0.008849557522123894
0.008298755186721992
0
0
0
0
1.0178571428571428
0.33827893175074186
0
0
0
11
0.01898188093183779
0.00917048770320967
1
0
0
0
1.017391304347826
0.33815028901734107
0
0
0
2
1.5555555555555556
0.30434782608695654
1
0
0
2
1.5555555555555556
0.30434782608695654
1
0
0
6
1
0.4146341463414634
0
0
0
0
1.0176211453744493
0.33821376281112736
0
0
0
11
0.01898188093183779
0.00917048770320967
1
0
0
0
0.011609907120743035
0.011135857461024499
1
0
0
0
0.011618900077459334
0.011144130757800892
1
0
0
3
0.8181818181818182
0.18
0
0
0
0
0.012427506213753107
0.011885895404120444
1
0
0
0
1.0121951219512195
0.33739837398373984
0
0
0
0
1.0122448979591836
0.33741496598639453
0
0
0
13
1.5294117647058822
0.34210526315789475
0
0
0
0
0.01160092807424594
0.01112759643916914
1
0
0
0
0.011609907120743035
0.011135857461024499
1
0
0
11
3.6315789473684212
0.27710843373493976
0
0
0
211
0.004694835680751174
0.0049504950495049506
1
0
0
0
2
0.4022038567493113
1
0
0
0
0.011618900077459334
0.011144130757800892
1
0
0
0
1.017467248908297
0.3381712626995646
0
0
0
223
0.0044444444444444444
0.004347826086956522
1
0
0
5
2.4482758620689653
0.32272727272727275
0
0
0
0
2
0.40217391304347827
1
0
0
0
1.0135746606334841
0.20382165605095542
1
0
0
11
0.016897081413210446
0.00819366852886406
1
0
0
2
2.013888888888889
1.8354430379746836
0
0
0
0
1.0125
0.3375
0
0
0
13
0.875
0.31343283582089554
0
0
0
0
0.012437810945273632
0.011895321173671689
1
0
0
0
1.0165289256198347
0.33791208791208793
0
0
0
10
1
0.42857142857142855
0
0
0
209
0.009433962264150943
0.00904977375565611
0
0
0
0
2
0.40225563909774437
1
0
0
0
0.011609907120743035
0.011135857461024499
1
0
0
0
0.011609907120743035
0.011135857461024499
1
0
0
210
0.0047169811320754715
0.004273504273504274
1
0
0
144
0.02696629213483146
0.10714285714285714
0
0
0
0
1.018181818181818
0.338368580060423
0
0
0
6
1
0.4146341463414634
0
0
0
10
1
0.42857142857142855
0
0
0
0
2
0.402245088868101
1
0
0
0
1.0179372197309418
0.338301043219076
0
0
0
3
0.8181818181818182
0.18
0
0
0
11
0.01898188093183779
0.00917048770320967
1
0
0
0
0.011609907120743035
0.011135857461024499
1
0
0
206
0.004807692307692308
0.0045045045045045045
1
0
0
11
0.018998272884283247
0.00917813934084272
1
0
0
9
0.015245354930919485
0.020618556701030927
1
0
0
0
1.0180995475113122
0.3383458646616541
0
0
0
0
1.0164609053497942
0.3378932968536252
0
0
0
0
0.011618900077459334
0.011144130757800892
1
0
0
0
1.016597510373444
0.33793103448275863
0
0
0
0
0.012955465587044534
0.012326656394453005
1
0
0
10
4.5
0.28346456692913385
1
0
0
587
Infinity
0.0028169014084507044
1
0
0
0
0.011618900077459334
0.011144130757800892
1
0
0
9
0.01902587519025875
0.3246753246753247
1
0
0
0
0.011609907120743035
0.011135857461024499
1
0
0
0
1.013157894736842
0.2037037037037037
1
0
0
219
0.004524886877828055
0.0045045045045045045
1
0
0
0
2
0.4022346368715084
1
0
0
9
0.01598173515981735
0.1024390243902439
1
0
0
0
0.011618900077459334
0.011144130757800892
1
0
0
212
0.004672897196261682
0.004424778761061947
1
0
0
0
0.012955465587044534
0.012326656394453005
1
0
0
5
3.2777777777777777
0.29797979797979796
0
0
0
50
0.009857612267250822
0.0023615848858567303
1
0
0
0
1.0126050420168067
0.33753501400560226
0
0
0
11
0.016897081413210446
0.00819366852886406
1
0
0
0
2
0.40216411181244366
1
0
0
230
0.008583690987124463
0.008438818565400843
0
0
0
0
0.011618900077459334
0.011144130757800892
1
0
0
0
2
0.40213523131672596
1
0
0
0
2
0.40225563909774437
1
0
0
0
1.0184331797235022
0.33843797856049007
0
0
0
9
0.018233618233618232
0.025437201907790145
1
0
0
1206
Infinity
0.0016488046166529267
1
0
0
10
1
0.42857142857142855
0
0
0
0
1.018018018018018
0.3383233532934132
0
0
0
11
0.01898188093183779
0.00917048770320967
1
0
0
8
1
0.4222222222222222
0
0
0
9
0.01598173515981735
0.1024390243902439
1
0
0
13
0.875
0.31343283582089554
0
0
0
9
0.01598173515981735
0.1024390243902439
1
0
0
5
2.576923076923077
0.3160377358490566
0
0
0
0
1.0163934426229508
0.33787465940054495
0
0
0
10
1
0.42857142857142855
0
0
0
11
3.6470588235294117
0.25833333333333336
0
0
0
0
1.0188679245283019
0.3385579937304075
0
0
0
0
0.011609907120743035
0.011135857461024499
1
0
0
11
3.6315789473684212
0.27710843373493976
0
0
0
6
1
0.4146341463414634
0
0
0
9
0.01804850535815003
0.02545743834526651
1
0
0
11
0.01901469317199654
0.00918580375782881
1
0
0
0
1.018018018018018
0.3383233532934132
0
0
0
0
0.012944983818770227
0.012317167051578136
1
0
0
0
1.018018018018018
0.3383233532934132
0
0
0
11
0.016897081413210446
0.00819366852886406
1
0
0
0
0.011618900077459334
0.011144130757800892
1
0
0
0
0.01160092807424594
0.01112759643916914
1
0
0
212
0.009302325581395349
0.00904977375565611
0
0
0
0
1.0178571428571428
0.33827893175074186
0
0
0
0
1.0182648401826484
0.33839150227617604
0
0
0
0
0.011609907120743035
0.011135857461024499
1
0
0
11
0.01651480637813212
0.004454000921517432
2
0
0
261
0.013520038628681796
0.017220172201722016
1
0
0
0
0.011609907120743035
0.011135857461024499
1
0
0
0
2
0.40216411181244366
1
0
0
0
1.018018018018018
0.3383233532934132
0
0
0
0
0.011618900077459334
0.011144130757800892
1
0
0
5
2.9523809523809526
0.30392156862745096
0
0
0
5
2.9523809523809526
0.30392156862745096
0
0
0
11
3.6315789473684212
0.27710843373493976
0
0
0
11
3.6315789473684212
0.27710843373493976
0
0
0
206
0.004807692307692308
0.005208333333333333
1
0
0
179
0.13996316758747698
0.5
0
0
0
179
0.13996316758747698
0.5
0
0
0
2
2
1.9404255319148935
0
0
0
2
2.008298755186722
0.6666666666666666
0
0
0
1
2
1.95
0
0
0
0
0.991869918699187
0.33424657534246577
0
0
0
2
2
1.9401709401709402
0
0
0
2
2
1.9406779661016949
0
0
0
2
2
1.9411764705882353
0
0
0
1
2
1.949579831932773
0
0
0
1
2
1.9523809523809523
0
0
0
2
2
1.9421487603305785
0
0
0
2
2
1.9406779661016949
0
0
0
2
2
1.9437751004016064
0
0
0
1
2
1.9506172839506173
0
0
0
1
2
1.951219512195122
0
0
0
1
2
1.949579831932773
0
0
0
1
2
1.9518072289156627
0
0
0
1
2
1.9493670886075949
0
0
0
1
2
1.950207468879668
0
0
0
2
2.0084745762711864
0.6666666666666666
0
0
0
9
0.8666666666666667
0.41935483870967744
0
0
0
2
2
1.9423868312757202
0
0
0
2
2
1.9428571428571428
0
0
0
1
2
1.9508196721311475
0
0
0
2
2.0080971659919027
0.6666666666666666
0
0
0
0
1.0089686098654709
0.3358208955223881
0
0
0
1
2
1.9475982532751093
0
0
0
1
2
1.95
0
0
0
2
2
1.9421487603305785
0
0
0
2
2
1.9423868312757202
0
0
0
0
1.0039370078740157
0.3337696335078534
1
0
0
0
0.9957983193277311
0.3347457627118644
0
0
0
0
0.8333333333333334
0.1724137931034483
1
0
0
0
1.3333333333333333
0.16
1
0
0
0
1.3333333333333333
0.16
1
0
0
0
1.3333333333333333
0.16
1
0
0
0
0.8333333333333334
0.1724137931034483
1
0
0
0
1.3333333333333333
0.16
1
0
0
0
1.3333333333333333
0.16
1
0
0
6
0.02004008016032064
0.01904761904761905
1
0
0
0
0.8333333333333334
0.1724137931034483
1
0
0
0
1.3333333333333333
0.16
1
0
0
0
1.3333333333333333
0.16
1
0
0
2
2.0085470085470085
0.6666666666666666
0
0
0
163
0.13815789473684212
0.5080645161290323
0
0
0
140
0.14138817480719795
0.5339805825242718
0
0
0
15
1.0454545454545454
0.41818181818181815
0
0
0
155
1
0.2496
1
0
0
2
2
1.9450980392156862
0
0
0
1
2
1.9497907949790796
0
0
0
1
2
1.949579831932773
0
0
0
1
2
1.9504132231404958
0
0
0
1
2
1.9516129032258065
0
0
0
2
2.0085836909871246
0.6666666666666666
0
0
0
0
1.0039370078740157
0.3337696335078534
1
0
0
2
2
1.9426229508196722
0
0
0
8
0.8571428571428571
0.41379310344827586
0
0
0
14
1.0476190476190477
0.41509433962264153
0
0
0
11
1.0555555555555556
0.40425531914893614
0
0
0
6
1.3333333333333333
0.375
0
0
0
6
1.3333333333333333
0.375
0
0
0
6
0.055299539170506916
0.04878048780487805
1
0
0
2
2
1.9428571428571428
0
0
0
2
2
1.94331983805668
0
0
0
2
2
1.9416666666666667
0
0
0
2
2
1.943089430894309
0
0
0
2
2
1.9437751004016064
0
0
0
1
2
1.9491525423728813
0
0
0
2
2
1.9423868312757202
0
0
0
2
2
1.943089430894309
0
0
0
1
2
1.9497907949790796
0
0
0
1
2
1.9506172839506173
0
0
0
2
2.0082304526748973
0.6666666666666666
0
0
0
7
1.5
0.45
0
0
0
0
1.3333333333333333
0.16
1
0
0
0
1.3333333333333333
0.16
1
0
0
0
0.8333333333333334
0.1724137931034483
1
0
0
0
0.8333333333333334
0.1724137931034483
1
0
0
0
1.3333333333333333
0.16
1
0
0
4
1.4444444444444444
0.25
1
0
0
0
1
0.15384615384615385
1
0
0
9
1.25
0.39473684210526316
0
0
0
7
1.5
0.45
0
0
0
11
0.01901469317199654
0.00918580375782881
1
0
0
0
0.012437810945273632
0.011895321173671689
1
0
0
11
0.016222479721900347
0.009645194626248708
2
0
0
5
3.1578947368421053
0.3
0
0
0
11
0.01898188093183779
0.00917048770320967
1
0
0
11
3.6470588235294117
0.25833333333333336
0
0
0
0
0.011618900077459334
0.011144130757800892
1
0
0
11
3.6315789473684212
0.27710843373493976
0
0
0
0
2
0.4021257750221435
1
0
0
214
0.004629629629629629
0.005050505050505051
1
0
0
0
0.011618900077459334
0.011144130757800892
1
0
0
-1
-1
-1
-1
-1
-1
212
0.004672897196261682
0.0049504950495049506
1
0
0
11
0.01688411358403684
0.008187569780424266
1
0
0
5
2.7083333333333335
0.30952380952380953
0
0
0
212
0.004672897196261682
0.004629629629629629
1
0
0
0
1.012448132780083
0.33748271092669435
0
0
0
11
3.6315789473684212
0.27710843373493976
0
0
0
0
0.011618900077459334
0.011144130757800892
1
0
0
0
0.011618900077459334
0.011144130757800892
1
0
0
0
0.011627906976744186
0.011152416356877323
1
0
0
12
1.05
0.328125
0
0
0
226
0.008733624454148471
0.007380073800738007
0
0
0
0
0.011609907120743035
0.011135857461024499
1
0
0
219
0.004524886877828055
0.004310344827586207
1
0
0
11
0.016923076923076923
0.008205893323386795
1
0
0
0
1.0160642570281124
0.3377837116154873
0
0
0
0
2
0.40375586854460094
1
0
0
8
1
0.4222222222222222
0
0
0
11
0.016897081413210446
0.00819366852886406
1
0
0
0
1.0166666666666666
0.3379501385041551
0
0
0
401
Infinity
0.004819277108433735
1
0
0
8
1
0.4222222222222222
0
0
0
11
0.018998272884283247
0.00917813934084272
1
0
0
0
1.0160642570281124
0.3377837116154873
0
0
0
889
0.001122334455667789
0.0010482180293501049
1
0
0
0
1.0176211453744493
0.33821376281112736
0
0
0
0
0.011609907120743035
0.011135857461024499
1
0
0
3
0.8181818181818182
0.18
0
0
0
157
0.02608695652173913
0.10084033613445378
0
0
0
0
1.0186046511627906
0.3384853168469861
0
0
0
0
1.0180995475113122
0.3383458646616541
0
0
0
219
0.004524886877828055
0.004672897196261682
1
0
0
11
0.018998272884283247
0.00917813934084272
1
0
0
9
0.018028169014084508
0.02549800796812749
1
0
0
0
0.011618900077459334
0.011144130757800892
1
0
0
0
1.016260162601626
0.33783783783783783
0
0
0
5
2.8636363636363638
0.3088235294117647
0
0
0
11
0.01901469317199654
0.00918580375782881
1
0
0
5
1
0.41025641025641024
0
0
0
179
0.13996316758747698
0.5
0
0
0
0
0.011609907120743035
0.011135857461024499
1
0
0
0
1.0137614678899083
0.20387453874538744
1
0
0
5
3.05
0.30198019801980197
0
0
0
0
1.018181818181818
0.338368580060423
0
0
0
1208
Infinity
0.0016460905349794238
1
0
0
0
0.011627906976744186
0.011152416356877323
1
0
0
0
0.01160092807424594
0.01112759643916914
1
0
0
0
0.012427506213753107
0.011885895404120444
1
0
0
11
1
0.328125
0
0
0
11
0.01898188093183779
0.00917048770320967
1
0
0
4
0.9
0.21428571428571427
0
0
0
11
0.016923076923076923
0.008205893323386795
1
0
0
0
1.018018018018018
0.3383233532934132
0
0
0
3
0.9090909090909091
0.3125
0
0
0
5
1
0.41025641025641024
0
0
0
4
0.9
0.21428571428571427
0
0
0
10
1
0.42857142857142855
0
0
0
7
1
0.4186046511627907
0
0
0
0
0.01160092807424594
0.01112759643916914
1
0
0
11
3.6470588235294117
0.25833333333333336
0
0
0
0
1.016260162601626
0.33783783783783783
0
0
0
11
0.01901469317199654
0.00918580375782881
1
0
0
293
4
0.012698412698412698
1
0
0
11
0.01694915254237288
0.008218154650728428
1
0
0
9
0.01902587519025875
0.3246753246753247
1
0
0
0
1
0.15384615384615385
1
0
0
0
1
0.15384615384615385
1
0
0
0
1
0.15384615384615385
1
0
0
0
1
0.15384615384615385
1
0
0
0
1
0.15384615384615385
1
0
0
0
1
0.15384615384615385
1
0
0
0
1
0.15384615384615385
1
0
0
0
1
0.15384615384615385
1
0
0
0
1
0.15384615384615385
1
0
0
