0
0
0
5
45.741627
3.244078
false
0
1
0
10448
0
0
0
17
5.430047
39.054331
false
0
138
3
576532
0
0
0
14
71.908691
10.179118
false
0
7
1
119329
0
0
0
0
0.000000
100.000000
true
0
0
0
81
0
0
0
19
57.708008
22.333544
false
0
28
4
421783
0
0
0
4
1.215612
4.070903
false
0
4
2
84490
0
0
0
5
35.860872
3.688003
false
0
0
0
13252
0
0
0
5
35.860872
3.688003
false
0
0
0
13252
0
0
0
12
7.465591
3.417006
false
0
7
4
210734
0
0
0
0
0.000000
1.237296
false
0
0
0
50240
0
0
0
5
43.655093
2.741636
false
0
0
0
10709
0
0
0
116
54.295780
22.376708
false
0
53
12
426385
0
0
0
21
56.022691
28.551415
false
0
8
4
49623
0
0
0
8
83.509853
20.000000
false
0
2
2
15575
0
0
0
3
34.103410
39.102564
false
0
3
0
6345
7
0
0
6
1.607023
75.681331
false
0
52
5
312905
0
0
0
9
20.610453
98.203593
false
0
4
4
9796
0
0
0
24
15.040192
90.295031
false
0
9
9
55790
0
0
0
17
43.881196
42.843881
false
0
117
4
267002
0
0
0
0
0.000000
12.612613
false
0
64
0
17736
0
0
0
110
22.937723
40.558188
false
0
153
13
560052
0
0
0
5
45.045732
3.054582
false
0
0
0
10486
0
0
0
5
45.045732
3.054582
false
0
0
0
10486
0
0
0
19
24.846441
7.483610
false
0
2
2
105144
0
0
0
5
45.534449
3.220859
false
0
0
0
10579
0
0
0
10
8.885894
46.570091
false
0
11
3
185439
0
0
0
5
45.464810
3.224206
false
0
0
0
10612
0
0
0
5
17.490817
35.239034
false
0
21
1
42458
0
0
0
13
59.808621
1.985399
false
0
4
1
107421
0
0
0
5
42.753928
2.768313
false
0
1
0
11093
0
0
0
0
0.000000
11.111111
false
0
0
0
188
0
0
0
4
3.625569
16.225750
false
0
7
2
44126
0
0
0
16
20.289962
51.626339
false
0
21
3
54344
0
0
0
16
20.289962
51.626339
false
0
21
3
54344
2
0
2
27
21.104042
15.884615
false
0
14
13
71356
0
0
0
172
21.677346
2.371954
false
0
13
2
595248
0
0
0
172
21.677346
2.371954
false
0
13
2
595248
0
0
0
5
39.572506
3.351405
false
0
2
0
11874
0
0
0
16
18.714464
4.750385
false
0
4
3
55127
3
0
0
72
7.522664
70.432397
false
0
67
8
149762
1
0
1
15
4.208712
70.037939
false
0
16
3
226831
0
0
0
5
45.335098
3.292806
false
0
0
0
10575
0
0
0
9
3.110525
68.357623
false
0
6
6
37131
0
0
0
7
5.385099
91.553766
false
0
5
4
85848
0
0
0
5
40.556121
3.501094
false
0
0
0
11762
0
0
0
9
82.200661
27.206771
false
0
5
5
162321
0
0
0
6
23.459788
40.633484
false
0
3
3
3295
0
0
0
5
41.901593
2.829392
false
0
0
0
11098
0
0
0
1
1.299937
24.414716
false
0
1
0
3154
0
0
0
17
10.346202
50.894715
false
0
45
4
60189
0
0
0
7
3.660828
75.350062
false
0
4
4
16237
0
0
0
21
3.806629
80.214772
false
0
11
8
125091
0
0
0
21
15.322637
5.957026
false
0
36
2
138946
0
0
0
3
0.000000
50.255770
false
0
30
3
94477
0
0
0
5
44.981343
2.820268
false
0
0
0
10424
0
0
0
13
78.626345
50.937410
false
0
4
4
119247
0
0
0
3
0.441562
51.609675
false
0
44
2
94396
0
0
0
5
42.743557
3.230209
false
0
0
0
10938
0
0
0
5
44.582160
3.358025
false
0
0
0
10624
2
0
0
26
27.632091
70.772220
false
0
85
15
310684
0
0
0
8
55.318194
15.875196
false
0
34
1
133690
1
0
0
3
3.721558
83.373509
false
0
6
2
35838
0
0
0
6
3.960678
43.879173
false
0
26
4
14038
1
0
0
30
14.877150
88.882417
false
0
77
9
137602
0
0
0
10
68.185000
81.529461
false
0
2
2
39999
0
0
0
10
68.185000
81.529461
false
0
2
2
39999
0
0
0
21
40.870383
86.004095
false
0
13
12
39339
0
0
0
59
40.893630
5.311510
false
0
9
4
241082
0
0
0
56
22.728960
79.476412
false
0
69
6
196307
5
0
0
23
33.714327
43.049553
false
0
41
6
142247
0
0
0
81
46.541655
3.160905
false
0
25
4
242796
0
0
0
81
46.541655
3.160905
false
0
25
4
242796
3
0
3
50
43.859090
26.741401
false
0
30
11
394986
0
0
0
19
11.575907
65.403074
false
0
68
4
208910
0
0
0
19
11.575907
65.403074
false
0
68
4
208910
0
0
0
19
11.575907
65.403074
false
0
68
4
208910
0
0
0
19
11.575907
65.403074
false
0
68
4
208910
0
0
0
9
1.490276
78.409048
false
0
80
5
84467
0
0
0
5
43.703162
3.236881
false
0
1
0
10874
0
0
0
12
20.513509
65.269710
false
0
10
10
21421
0
0
0
23
16.957146
46.121831
false
0
69
2
56347
0
0
0
23
12.847493
76.862038
false
0
68
5
195861
0
0
1
11
59.542537
76.000000
false
2
31
4
175492
1
1
0
9
7.909139
5.249631
false
0
38
1
641773
0
0
0
7
6.022936
45.063431
false
0
8
3
10545
0
0
0
5
45.288380
3.209373
false
0
0
0
10557
0
0
0
15
28.633470
80.775952
false
0
7
6
50873
0
0
0
23
37.658033
28.751242
false
0
58
5
295024
0
0
0
9
48.024331
57.340497
false
0
3
2
41094
0
0
0
20
27.236834
10.317136
false
0
3
2
30643
0
0
0
5
40.291510
3.270609
false
0
1
0
11732
0
0
0
3
12.469107
49.770206
false
0
1
1
20931
0
0
0
82
12.731275
24.953498
false
0
88
18
242272
0
0
0
82
12.731275
24.953498
false
0
88
18
242272
0
0
0
5
40.765319
3.391343
false
0
0
0
11601
0
0
0
32
52.169040
26.193390
false
0
13
12
23987
1
0
0
9
61.472976
56.570091
false
0
6
4
15083
0
0
0
19
3.971028
56.012908
false
0
45
13
86233
2
0
1
14
17.557884
70.792525
false
0
9
6
71278
0
0
0
17
9.793125
42.683806
false
0
27
11
69497
0
0
0
22
37.167546
10.214536
false
0
40
6
715222
0
0
0
22
37.167546
10.214536
false
0
40
6
715222
0
0
0
14
39.305769
21.108869
false
0
5
3
44164
0
0
0
5
43.059414
2.853198
false
0
1
0
10774
0
0
0
33
4.280210
7.429937
true
0
116
20
114986
0
0
0
12
17.489499
76.647784
false
0
60
3
242004
2
0
0
17
12.226140
25.572316
false
0
111
9
66334
2
0
0
7
1.266303
34.499130
false
0
14
8
29353
2
0
0
7
1.266303
34.499130
false
0
16
8
29353
0
0
0
5
43.384503
3.334968
false
0
1
0
10902
0
0
0
5
43.384503
3.334968
false
0
1
0
10902
0
0
0
29
39.896557
71.516508
false
0
20
18
33792
2
0
0
10
7.643256
32.579548
false
0
18
5
39217
0
0
0
53
68.927267
50.609820
false
0
10
0
157670
0
0
0
34
9.690176
34.967251
false
0
72
4
125984
0
0
0
13
39.244455
82.228261
false
0
6
5
8656
0
0
0
5
40.655025
3.087143
false
0
1
0
11425
0
0
0
5
40.758690
2.618210
false
0
1
0
11400
0
0
0
5
40.692065
3.069153
false
0
1
0
11468
0
0
0
33
12.770291
13.111935
false
0
65
15
204611
0
0
0
10
39.733186
83.374844
false
0
2
2
15974
2
0
0
28
8.561233
60.766215
false
0
22
16
220746
0
0
0
22
61.274317
6.261343
false
0
27
8
132399
0
0
0
25
2.333907
9.591842
false
0
11
0
532809
0
0
0
5
41.348412
3.362108
false
0
0
0
11493
0
0
0
0
0.000000
27.699531
false
0
0
0
461
0
0
0
5
44.899673
3.356367
false
0
0
0
10691
0
0
0
40
32.425800
90.335145
false
0
7
6
185282
0
0
0
6
3.584578
44.630542
false
0
2
2
57514
0
0
0
3
0.441562
51.609675
false
0
44
2
94396
0
0
0
11
12.491158
37.218481
false
0
11
4
180767
1
0
0
5
19.333144
18.640119
false
0
16
4
24620
0
0
0
35
19.232843
77.117052
false
0
35
3
151916
0
0
0
34
3.922340
60.881133
false
0
77
12
180152
1
0
0
47
77.700946
52.637766
false
0
13
6
113978
0
0
0
5
42.924230
3.080357
false
0
0
0
11073
0
0
0
65
5.109237
11.402264
false
0
198
25
297350
0
0
0
56
22.785358
5.266960
false
0
5
4
92334
0
0
0
10
3.408885
30.185125
false
0
101
1
132399
12
0
0
55
3.879235
25.856147
false
0
177
33
199943
12
0
0
55
3.879235
25.856147
false
0
177
33
199943
0
0
0
18
78.695330
2.804836
false
0
0
0
241110
1
0
1
16
92.671589
33.526570
false
0
8
8
434315
0
0
0
12
7.465791
3.417116
false
0
7
4
210728
2
0
0
36
12.115689
66.725083
true
0
86
12
113456
0
0
0
12
9.492977
40.399608
false
0
8
3
160570
3
0
0
7
1.113452
6.138153
false
0
133
5
199045
3
0
0
7
1.113452
6.138153
false
0
133
5
199045
0
0
0
5
44.958381
3.363007
false
0
0
0
10548
0
0
0
31
1.431469
76.489115
false
0
99
4
369750
0
0
0
49
15.194976
59.690273
false
0
117
7
215575
0
0
0
5
39.230581
3.683977
false
0
0
0
12241
1
0
1
1
50.230203
93.220339
false
0
2
1
2172
15
0
0
24
2.946181
17.078839
false
0
114
33
243635
0
0
0
12
52.355421
2.725274
false
0
1
1
96049
0
0
0
17
90.652866
17.694704
false
0
31
10
853678
2
0
0
20
16.080910
22.614796
false
0
14
5
38611
0
0
0
65
6.817278
76.764856
true
0
220
15
296658
0
0
0
35
98.253881
45.586708
false
0
15
15
803654
1
3
0
32
23.065945
22.641749
false
1
16
14
39671
1
3
0
32
23.065945
22.641749
false
1
16
14
39671
0
0
0
5
43.720729
2.824134
false
0
1
0
10790
0
0
0
19
45.506510
58.902825
false
0
122
8
276288
0
0
0
1
0.000000
10.934394
false
0
14
1
5715
0
0
0
11
3.145646
73.027719
false
0
30
10
13320
5
0
0
57
11.622376
38.675530
false
0
92
26
98256
1
0
0
75
4.511134
43.100224
false
0
535
16
842115
1
0
0
75
4.511134
43.100224
false
0
535
16
842115
1
0
0
75
4.511134
43.100224
false
0
535
16
842115
2
0
0
50
39.697299
65.613404
false
0
76
18
228542
0
0
0
20
7.376141
2.084232
false
0
63
7
703421
0
0
0
11
19.194870
31.533804
false
0
6
6
12063
0
0
0
5
44.944973
3.358025
false
0
0
0
10698
0
0
0
5
40.101731
3.965885
false
0
1
0
12121
0
0
0
5
42.149349
3.307657
false
0
0
0
11220
0
0
0
9
9.662707
82.605317
false
0
14
3
188537
0
0
0
18
8.208949
21.486547
false
0
104
5
122315
0
0
0
5
41.571764
3.237251
false
0
0
0
11499
0
0
0
5
41.571764
3.237251
false
0
0
0
11499
0
0
0
5
41.571764
3.237251
false
0
0
0
11499
0
0
0
25
12.732578
48.994520
true
0
77
3
149483
0
0
0
19
4.508347
27.916413
false
0
56
11
43107
2
0
0
22
0.912767
85.710192
false
0
26
16
197024
2
0
0
22
0.912767
85.710192
false
0
26
16
197024
0
0
0
5
43.392233
3.153153
false
0
1
0
10830
0
0
0
5
43.392233
3.153153
false
0
1
0
10830
0
0
0
5
48.146753
2.676788
false
0
1
0
12637
0
0
0
5
40.931309
3.415061
false
0
1
0
11619
0
0
0
5
40.931309
3.415061
false
0
1
0
11619
0
0
0
0
0.000000
1.373007
false
0
0
0
46171
3
0
2
15
26.862701
14.017595
false
0
10
6
22105
0
0
0
19
18.181947
43.917565
false
0
27
6
58177
0
0
0
25
24.547542
87.324883
false
0
12
8
56191
0
0
0
7
28.174769
86.450116
false
0
48
1
138505
0
1
0
9
2.449163
31.191432
false
0
5
5
8361
0
0
0
72
70.533697
84.501048
false
0
19
16
478011
0
0
0
72
70.533697
84.501048
false
0
31
16
478011
0
0
0
5
40.541341
3.038549
false
0
0
0
10089
2
0
0
18
52.116485
77.615539
false
0
55
5
181904
1
0
0
15
51.353405
70.476773
false
0
9
8
10529
0
0
0
54
9.200958
16.941636
true
0
33
0
243060
0
0
0
16
33.669676
52.009456
false
0
10
10
11298
0
0
0
16
33.669676
52.009456
false
0
10
10
11298
0
0
0
0
0.000000
0.000000
false
0
0
0
43
0
0
0
27
25.660089
57.952793
false
0
22
5
69063
0
0
0
27
25.660089
57.952793
false
0
22
5
69063
0
0
0
5
45.395677
3.151576
false
0
0
0
10485
0
0
0
5
45.395677
3.151576
false
0
0
0
10485
0
0
0
5
45.395677
3.151576
false
0
0
0
10485
0
0
0
10
24.827707
11.184938
false
0
37
0
234006
0
0
0
0
0.000000
5.065789
false
0
0
0
15673
0
0
0
0
0.000000
5.065789
false
0
0
0
15673
0
0
0
53
19.304679
6.644056
false
0
85
5
270693
0
0
0
12
43.869503
58.998682
false
0
7
4
74321
0
0
0
5
40.609569
3.505618
false
0
0
0
11740
0
0
0
4
51.631108
3.552330
false
0
3
1
14518
1
0
0
5
6.260136
38.270945
false
0
18
3
15403
0
0
0
52
64.587179
47.198201
false
0
10
0
148918
0
0
0
5
45.611511
3.244078
false
0
1
0
10423
0
0
0
14
72.162135
10.083297
false
0
7
1
119040
0
0
0
6
1.416498
63.095854
false
0
49
4
35031
0
0
0
5
43.124776
3.365810
false
0
0
0
11130
0
0
0
12
95.065026
37.500000
false
0
2
2
123128
0
0
0
12
95.065026
37.500000
false
0
2
2
123128
0
0
0
5
40.152996
3.386104
false
0
0
0
11749
0
0
0
10
80.977797
27.287336
false
0
6
6
164919
0
0
0
5
43.280327
3.357314
false
0
1
0
10887
0
0
0
9
3.019555
26.573330
false
0
19
8
17142
5
0
1
55
25.160166
44.104397
false
0
109
29
216989
1
0
0
14
12.865588
24.943187
false
0
60
6
114971
16
0
0
7
0.203294
10.643454
false
0
91
21
94678
16
0
0
7
0.203294
10.643454
false
0
91
21
94678
16
0
0
7
0.203294
10.643454
false
0
91
21
94678
0
0
0
24
12.646643
42.455536
false
0
10
3
76374
0
0
0
17
12.249845
19.244439
false
0
3
2
52933
0
0
0
17
12.249845
19.244439
false
0
3
2
52933
1
0
1
36
5.167585
6.525522
false
0
48
13
201101
0
0
0
8
16.050986
5.519466
false
0
25
3
70039
0
0
0
16
58.624761
59.750000
false
0
5
5
38109
0
0
0
0
NaN
NaN
false
0
0
0
0
0
0
0
9
25.267696
83.415320
false
0
4
2
161564
0
0
0
9
14.114214
40.183070
false
0
76
4
80879
0
0
0
9
14.114214
40.183070
false
0
76
4
80879
1
0
0
0
0.000000
NaN
false
0
1
1
311
2
0
0
28
45.127934
23.760818
false
0
41
6
156723
2
0
0
28
45.127934
23.760818
false
0
41
6
156723
0
0
0
33
27.020189
58.387454
false
0
54
14
59658
0
0
0
11
26.935351
40.340447
false
0
34
2
67973
2
0
0
16
2.376893
21.105497
false
0
161
3
164992
2
0
0
16
7.173006
10.782175
false
0
11
3
41698
2
1
0
50
9.181231
83.866628
false
0
318
11
294250
0
0
0
5
41.841921
3.330373
false
0
1
0
11388
0
0
0
5
44.843134
3.363007
false
0
0
0
10622
0
0
0
5
44.843134
3.363007
false
0
0
0
10622
0
0
0
5
41.830467
3.355408
false
0
1
0
11380
0
0
0
5
38.227017
3.265766
false
0
1
0
12194
0
0
0
0
0.000000
31.952663
false
0
0
0
1227
0
0
0
9
74.879656
46.455798
false
0
28
3
192540
0
0
0
6
0.000000
59.755543
false
0
14
6
120851
1
0
1
1
73.911425
100.000000
false
0
1
1
2687
2
0
0
10
8.240357
9.250460
false
0
12
5
25091
0
0
0
5
45.653216
3.244078
false
0
1
0
10431
0
0
0
6
5.158408
21.983734
false
0
3
3
24331
0
0
0
6
5.158408
21.983734
false
0
3
3
24331
0
0
0
24
11.813588
38.945501
false
0
59
9
311097
0
0
0
15
4.092364
8.886691
false
0
27
3
42580
0
0
0
5
43.626554
3.348104
false
0
1
0
10910
0
0
0
27
51.155907
6.482183
false
0
37
13
51867
0
0
0
0
0.000000
27.699531
false
0
0
0
461
0
0
0
33
2.929363
53.601362
false
0
95
8
396578
0
0
0
4
43.660344
71.990741
false
0
3
1
48903
0
0
0
12
20.513509
65.269710
false
0
10
10
21421
0
0
0
16
20.289962
51.626339
false
0
21
3
54344
0
0
0
5
43.243739
3.001017
false
0
1
0
10863
0
0
0
58
5.753617
13.621600
true
0
216
10
717200
0
0
0
16
9.342102
90.529330
false
0
60
9
77706
0
0
0
30
1.898867
12.945427
false
0
126
12
133629
0
0
0
12
0.593113
42.818000
false
0
257
5
594435
0
0
0
12
0.593113
42.818000
false
0
257
5
594435
0
0
0
19
6.372153
64.811784
false
0
30
14
33332
0
0
0
19
6.372153
64.811784
false
0
30
14
33332
0
0
0
19
6.372153
64.811784
false
0
30
14
33332
0
0
0
19
6.372153
64.811784
false
0
30
14
33332
0
0
0
36
12.084665
27.334526
false
0
26
8
70695
0
0
0
72
51.572198
11.797930
false
0
61
7
195230
0
0
0
27
10.682799
36.921359
false
0
95
10
124085
0
0
0
5
43.671118
3.125000
false
0
1
0
10830
0
0
0
10
0.710678
73.543886
false
0
31
6
132250
0
0
0
15
23.380435
25.344531
false
0
38
2
187036
0
0
0
20
97.641156
80.102696
false
0
8
6
620855
2
0
0
28
43.080904
76.568573
false
0
19
9
50245
0
0
0
7
7.659636
32.516406
false
0
5
4
13320
1
0
0
10
9.603523
84.877182
false
0
42
6
120046
0
0
0
45
10.106077
85.430619
false
0
50
1
213531
0
0
0
70
40.487016
50.744013
false
0
68
52
76078
0
0
0
5
2.069092
3.888063
false
0
13
2
65654
0
0
0
52
65.651636
46.308145
false
0
10
0
150182
0
0
0
32
2.807308
34.945132
false
4
71
7
146763
0
0
0
32
2.807308
34.945132
false
4
71
7
146763
0
0
0
11
52.553126
66.921323
false
0
6
3
79973
0
0
0
17
1.631224
55.830303
false
0
11
9
138325
0
0
0
0
0.000000
31.169872
false
0
16
0
7804
0
0
0
6
41.469846
45.337302
false
0
3
1
8641
0
0
0
71
10.845770
17.945146
false
0
71
50
98978
0
0
0
25
14.797998
62.854547
false
0
29
5
73000
2
0
0
31
7.437544
86.447497
false
0
66
18
108509
1
0
0
9
29.331257
76.069917
false
0
27
3
85339
0
0
0
5
40.457190
3.101737
false
0
1
0
11566
0
0
0
14
5.789021
86.253216
false
0
35
5
98701
0
0
0
18
55.167277
5.483871
false
0
32
9
16111
0
0
0
5
43.481428
3.243490
false
0
0
0
10982
0
0
0
5
43.481428
3.243490
false
0
0
0
10982
0
0
0
1
55.493308
24.363234
false
0
1
0
3185
0
0
0
59
52.986588
20.776420
false
0
9
4
61659
0
0
0
35
11.024595
63.119806
false
0
149
5
161552
0
0
0
24
19.373510
16.825289
false
0
14
6
46938
0
0
0
44
12.368049
85.877285
false
0
47
1
207630
0
0
0
44
12.368049
85.877285
false
0
47
1
207630
0
0
0
27
41.122222
54.437086
false
0
77
7
78465
0
0
0
47
28.442088
81.702564
false
0
31
10
85260
0
0
0
30
8.383582
31.062587
false
0
119
5
602477
1
0
0
33
13.554174
15.377746
true
0
97
9
106345
0
0
0
45
13.758633
13.301547
false
0
119
13
99653
0
0
0
45
13.758633
13.301547
false
0
119
13
99653
0
0
0
9
3.831801
30.704152
false
0
51
4
38109
0
0
0
9
3.831801
30.704152
false
0
51
4
38109
0
0
0
26
37.650960
73.420209
false
0
36
18
36157
2
0
1
47
4.125941
8.102442
false
0
85
24
152245
1
0
0
22
4.720202
59.104822
false
0
19
14
49270
0
0
0
5
41.514886
3.123606
false
0
1
0
11380
1
0
0
161
23.230246
34.409606
false
0
117
45
384364
0
0
0
15
38.137952
67.675022
false
0
8
6
58187
0
0
0
15
38.137952
67.675022
false
0
8
6
58187
0
0
0
15
38.137952
67.675022
false
0
8
6
58187
1
0
0
26
6.336333
46.434267
true
0
62
7
279513
0
0
0
14
2.782019
65.255824
false
0
27
5
467625
0
0
0
14
2.782019
65.255824
false
0
27
5
467625
0
0
0
3
46.266369
36.826992
false
0
3
2
14356
0
0
0
3
46.266369
36.826992
false
0
3
2
14356
0
0
0
27
24.226207
78.196064
false
0
32
8
127599
0
0
0
30
20.146540
78.308510
false
0
35
11
126416
0
0
0
30
20.146540
78.308510
false
0
35
11
126416
0
0
0
5
0.976627
74.627501
false
0
6
4
9110
1
0
0
8
6.851637
76.879910
false
0
24
2
59505
0
0
0
53
18.399823
38.614744
false
0
48
43
40737
0
0
0
16
15.980231
77.558509
false
0
12
11
29852
0
0
0
13
6.704505
55.172773
false
0
20
8
86498
0
0
0
12
12.640152
69.516729
false
0
87
5
190026
0
0
0
12
12.640152
69.516729
false
0
87
5
190026
2
0
0
271
77.890105
63.176515
false
0
19
9
262921
0
0
0
27
9.218139
64.977099
false
0
36
11
63611
0
0
0
38
70.658342
50.563821
false
0
50
28
310161
0
0
0
38
70.658342
50.563821
false
0
50
28
310161
0
0
0
9
95.275283
37.473684
false
0
1
1
61344
0
0
0
7
20.897891
69.225831
false
0
7
4
34493
0
0
0
19
35.738639
43.498717
false
0
17
3
21299
0
0
0
5
41.541419
3.046358
false
0
1
0
11414
0
31
0
7
0.122803
31.181869
false
0
39
4
1098949
0
0
0
4
0.000000
36.909198
false
0
4
4
48936
0
0
0
10
95.018000
30.544662
false
0
4
4
1187741
0
0
0
10
95.018000
30.544662
false
0
4
4
1187741
0
0
0
10
95.018000
30.544662
false
0
4
4
1187741
2
0
0
27
44.465251
76.208386
false
0
19
9
51263
0
0
0
0
0.000000
1.249715
false
0
0
0
36919
1
0
0
30
5.673659
78.076971
false
0
239
9
259390
0
0
0
10
8.930399
65.269234
false
0
15
5
36126
0
0
0
13
0.802560
71.253265
false
0
64
10
212010
0
0
0
5
44.324474
3.112648
false
0
1
0
10736
0
0
0
15
16.139834
6.498827
false
0
4
1
422699
0
0
0
13
30.772406
65.440710
false
0
27
4
67836
0
0
0
13
6.825174
66.200170
false
0
25
6
75288
0
0
0
44
37.567519
75.280899
false
0
22
16
88449
0
0
0
32
47.737662
30.063006
false
0
27
14
31966
0
0
0
2
8.313581
59.349904
false
0
5
0
11391
0
0
0
14
42.612331
51.373802
false
0
17
8
16980
0
0
0
11
26.279258
4.130186
false
0
1
1
201699
1
0
0
32
1.925710
5.515235
false
0
142
27
119850
1
0
0
20
5.662114
38.454137
false
0
176
12
103521
0
0
0
14
81.137046
12.649030
false
0
18
1
187518
0
0
0
14
81.137046
12.649030
false
0
18
1
187518
0
0
0
2
1.135784
48.893961
false
0
5
1
7836
0
0
0
14
13.888889
67.455319
false
0
8
7
29679
0
0
0
14
13.888889
67.455319
false
0
8
7
29679
0
0
0
16
2.533626
4.472390
false
0
16
1
176122
0
0
0
13
74.561432
1.257422
false
0
0
0
30835
0
0
0
13
74.561432
1.257422
false
0
0
0
30835
0
0
0
13
74.561432
1.257422
false
0
0
0
30835
0
0
0
7
0.346526
4.747363
false
0
43
4
589831
0
0
0
7
0.346526
4.747363
false
0
43
4
589831
1
0
0
12
83.598035
54.649596
false
0
5
4
87331
2
0
0
0
0.000000
5.107613
false
0
5
2
4490
0
0
0
52
9.250289
11.517804
false
0
30
8
120317
0
0
0
52
9.250289
11.517804
false
0
30
8
120317
0
0
0
52
9.250289
11.517804
false
0
30
8
120317
0
0
0
7
22.461095
20.417029
false
0
8
4
16139
0
0
0
35
10.197279
59.535032
true
0
41
13
121259
2
0
0
39
11.211986
13.531303
false
0
143
13
145169
2
0
0
39
11.211986
13.531303
false
0
143
13
145169
0
0
0
17
6.700822
33.298278
false
1
46
7
44274
0
0
0
17
6.700822
33.298278
false
1
46
7
44274
0
0
0
2
2.767808
59.550562
false
0
2
1
14486
0
0
0
11
10.695975
36.202879
false
0
10
3
154644
0
0
0
11
10.695975
36.202879
false
0
10
3
154644
0
0
0
11
10.695975
36.202879
false
0
10
3
154644
0
0
0
33
10.088665
30.319246
false
0
98
4
407140
0
0
0
39
2.239871
14.234267
false
0
37
12
575179
0
0
0
7
11.535649
65.020148
false
0
10
5
43617
1
0
1
11
60.594305
59.701409
false
0
9
4
103885
1
0
1
11
60.594305
59.701409
false
0
9
4
103885
0
0
0
49
18.643553
31.607426
false
0
41
23
191046
1
0
0
58
14.955031
71.440917
false
0
41
40
89629
0
0
0
10
39.747847
83.530880
false
0
2
2
15968
0
0
0
5
45.323047
3.244078
false
0
1
0
10368
0
0
0
5
45.323047
3.244078
false
0
1
0
10368
0
0
0
5
96.690935
35.157895
false
0
2
2
145305
5
0
0
13
7.862119
66.703134
false
0
9
8
77349
2
0
1
49
12.377780
41.551018
false
0
106
7
250124
0
0
0
13
16.476750
88.433137
false
0
20
4
52110
0
0
0
4
53.310205
11.428571
false
0
2
2
3459
0
0
0
17
1.605448
23.797861
false
0
87
9
174583
4
0
1
32
3.317431
82.131797
false
0
91
15
201904
0
0
0
10
94.925495
22.881356
false
0
3
3
19707
0
0
0
12
11.204091
67.669173
false
0
11
11
2151
0
0
0
22
13.808716
42.791808
false
0
20
6
108976
0
0
0
7
7.878352
5.981941
false
0
69
2
49576
0
0
0
10
34.420163
11.995834
false
0
44
0
288557
0
0
0
11
6.350733
30.272749
false
0
17
4
72777
0
0
0
6
12.022117
48.905885
false
0
9
3
18990
1
0
0
63
17.130296
34.500332
false
0
70
35
109197
1
0
0
63
17.130296
34.500332
false
0
70
35
109197
1
0
0
63
17.130296
34.500332
false
0
70
35
109197
0
0
0
19
38.981260
25.692612
false
0
11
9
57733
0
0
0
8
8.823080
39.040483
false
0
28
4
65297
0
0
0
22
2.307916
44.048583
true
0
55
10
319189
0
0
0
12
36.878194
29.753641
false
0
55
10
158120
0
0
0
12
36.878194
29.753641
false
0
55
10
158120
0
0
0
7
88.189948
66.666667
false
0
1
1
19458
0
0
0
11
19.869559
43.774248
false
0
7
3
195795
0
0
0
11
1.705074
65.656240
false
0
67
10
46844
0
0
0
11
1.705074
65.656240
false
0
67
10
46844
0
0
0
14
4.167274
35.758356
false
0
138
8
130852
0
0
0
4
0.295900
21.950842
false
0
15
3
21291
2
0
0
51
4.795273
70.517629
false
0
217
28
142128
1
0
0
13
29.516240
32.608696
false
0
10
9
9189
2
0
1
39
7.276623
51.327233
false
0
180
16
137676
0
0
0
13
4.190142
53.543009
false
0
105
3
107204
0
0
0
17
13.827945
59.845394
false
0
17
12
20736
0
0
0
9
15.353482
42.287695
false
0
96
1
121561
0
0
0
22
33.767594
75.014079
false
0
26
11
157488
0
0
0
32
9.524597
83.031046
false
0
14
7
200872
0
0
0
32
9.524597
83.031046
false
0
14
7
200872
0
0
0
5
39.367345
2.899197
false
0
1
0
10256
0
0
0
5
39.367345
2.899197
false
0
1
0
10256
0
0
0
5
39.367345
2.899197
false
0
1
0
10256
0
0
0
14
17.840735
65.795704
false
0
5
3
91393
1
0
0
10
8.738608
71.544386
false
0
18
5
13057
0
0
0
5
44.704360
3.146667
false
0
0
0
10046
3
0
0
24
2.775591
32.652215
false
0
199
15
75623
2
0
0
62
12.065002
65.696178
true
0
28
18
225061
0
0
0
42
7.356284
26.485810
false
0
100
8
317081
1
0
0
83
8.363166
36.552868
false
0
101
18
289262
2
0
0
26
47.488122
34.498067
false
0
63
8
154048
1
8
0
29
54.960455
30.740928
false
0
12
5
415028
1
8
0
29
54.960455
30.740928
false
0
12
5
415028
1
0
0
13
3.599589
4.384086
false
0
145
6
198574
1
0
0
13
3.599589
4.384086
false
0
145
6
198574
1
0
0
13
3.599589
4.384086
false
0
145
6
198574
0
0
0
0
0.000000
13.043478
false
0
0
0
46
0
0
0
12
35.442339
73.321377
false
0
8
2
28965
3
0
0
53
31.456752
78.053714
false
0
165
13
90530
0
0
0
12
7.517197
82.787613
false
0
20
2
113244
0
0
0
12
7.517197
82.787613
false
0
20
2
113244
0
0
0
5
40.598683
3.076324
false
0
1
0
11443
0
0
0
0
0.000000
5.555556
false
0
0
0
350
0
0
0
0
0.000000
5.555556
false
0
0
0
350
3
0
0
25
4.323241
22.857869
false
0
17
5
117146
3
0
0
25
4.323241
22.857869
false
0
17
5
117146
0
0
0
17
5.394489
87.679589
false
0
78
2
158686
0
0
0
12
8.944412
43.973777
false
0
11
10
6763
2
0
0
28
7.819045
5.428410
false
2
152
19
147327
2
0
0
28
7.819045
5.428410
false
2
152
19
147327
2
0
0
28
7.819045
5.428410
false
2
152
19
147327
1
0
1
24
8.565824
73.953153
false
0
99
14
184468
0
0
0
13
3.416227
79.189164
false
0
16
7
111355
0
0
0
11
1.682569
11.502191
false
0
23
5
42924
0
0
0
23
4.252962
74.841301
false
0
68
12
216601
0
0
0
70
31.108238
22.686045
false
0
77
5
321725
0
0
0
60
18.403269
20.749676
false
0
64
9
164938
1
0
0
17
55.589631
46.603774
false
0
24
9
34498
16
0
0
64
14.780273
76.823882
false
0
55
22
673940
16
0
0
64
14.780273
76.823882
false
0
55
22
673940
0
0
0
5
45.777948
3.244078
false
0
1
0
10455
0
0
0
37
14.043002
59.303517
false
0
50
16
125000
0
0
0
6
0.342436
24.253327
false
0
41
3
104253
0
0
0
11
42.592295
80.093494
false
0
4
2
68334
0
0
0
11
42.592295
80.093494
false
0
4
2
68334
4
0
1
16
26.061024
30.120865
false
0
129
6
204708
0
0
0
6
4.982704
27.590267
false
0
5
3
13469
0
0
0
24
2.880957
29.624350
false
0
11
7
226013
0
0
0
41
14.550925
52.591362
false
0
81
8
119308
0
0
0
31
3.222305
29.899497
false
0
74
19
185727
0
0
0
31
3.222305
29.899497
false
0
75
19
185727
0
0
0
6
2.232085
28.786935
false
0
23
2
39746
0
0
0
9
48.766933
47.328244
false
0
5
5
8637
0
0
0
16
72.837149
13.078140
false
0
23
6
978159
0
0
0
15
16.108712
35.907899
false
0
30
6
36306
0
0
0
10
34.784636
12.037031
false
0
42
0
280950
0
0
0
19
10.013028
73.363006
false
0
93
6
267682
0
0
0
24
13.894151
86.165839
false
0
70
9
70690
0
0
0
24
13.894151
86.165839
false
0
70
9
70690
0
0
0
5
44.773777
2.649007
false
0
1
0
10739
0
0
0
9
4.135818
11.866867
true
0
32
0
89414
0
0
0
10
16.945166
30.166222
false
0
39
6
105405
0
0
0
5
9.373626
62.834918
false
0
32
3
9100
1
0
1
8
12.659392
13.212054
false
0
15
2
31524
1
0
0
3
24.333055
60.206186
false
0
23
3
9596
2
0
2
27
21.163094
15.909091
false
0
15
13
71327
1
0
0
51
21.574884
68.015734
false
0
47
21
118113
0
0
0
12
0.000000
22.524441
false
0
14
12
49848
1
0
1
28
5.586685
88.676964
false
0
334
10
969572
0
0
0
5
13.386881
57.815126
false
0
2
2
5225
2
0
1
44
18.714951
7.850888
false
0
138
9
169831
0
0
0
11
26.957187
18.758369
false
0
12
2
71940
0
0
0
11
26.957187
18.758369
false
0
12
2
71940
2
0
0
46
61.614634
11.342066
false
0
105
12
528909
2
0
0
46
61.614634
11.342066
false
0
105
12
528909
2
0
0
46
61.614634
11.342066
false
0
105
12
528909
0
0
0
3
70.238544
6.117204
false
0
0
0
21127
1
0
0
19
10.693110
68.471402
false
0
15
12
19511
1
0
0
19
10.693110
68.471402
false
0
15
12
19511
0
0
0
0
0.000000
12.584705
false
0
2
2
2020
0
0
0
0
0.000000
12.584705
false
0
2
2
2020
0
0
0
0
0.000000
12.584705
false
0
2
2
2020
0
0
0
0
0.000000
12.584705
false
0
2
2
2020
0
0
0
4
77.381353
17.816092
false
0
0
0
2962
2
0
1
22
13.271665
53.314787
false
0
83
8
129185
0
0
0
0
0.000000
26.021180
false
0
0
0
652
0
0
0
1
0.000000
87.878788
false
0
1
1
2036
0
0
0
1
0.000000
87.878788
false
0
1
1
2036
0
0
0
15
93.615672
60.937500
false
0
3
3
108826
0
0
0
0
0.000000
100.000000
true
0
0
0
267
0
0
0
31
22.733048
51.450893
false
0
55
14
47183
0
0
0
5
2.300711
81.518253
false
0
36
2
54914
0
0
0
5
2.300711
81.518253
false
0
36
2
54914
0
0
0
5
2.300711
81.518253
false
0
36
2
54914
0
0
0
18
0.929453
75.560127
false
0
461
7
1315388
0
0
0
18
0.929453
75.560127
false
0
461
7
1315388
0
0
0
0
0.000000
38.293217
false
0
2
0
1770
0
0
0
10
18.823954
16.021724
false
0
27
5
13852
0
0
0
5
43.380410
3.280182
false
0
0
0
10973
0
0
0
44
81.681362
76.093949
false
0
12
11
237932
2
0
0
14
3.930723
77.121251
false
0
74
7
149009
0
0
0
14
2.360788
91.036927
false
0
35
7
96705
0
0
0
14
2.360788
91.036927
false
0
35
7
96705
0
0
0
9
9.892100
56.251093
false
0
29
3
59084
0
0
0
21
4.183659
88.873729
false
0
36
11
116689
1
0
0
13
7.479415
75.501680
false
0
31
5
50758
0
0
0
14
1.985330
4.442893
false
0
3
2
1010657
0
0
0
6
2.800637
70.473083
false
0
12
5
7534
0
0
0
48
38.993475
28.054080
false
0
34
21
87960
0
0
0
21
3.690952
71.607160
false
0
40
14
75801
0
0
0
5
42.312522
3.315168
false
0
0
0
11146
0
0
0
5
42.312522
3.315168
false
0
0
0
11146
1
0
0
36
5.624177
12.680451
false
0
203
6
176226
0
0
0
7
3.505393
52.731167
false
0
12
5
10382
0
0
0
28
7.244027
13.896756
false
0
58
6
285989
0
0
0
21
15.675383
36.724313
false
0
61
5
123678
7
0
4
20
2.013499
29.998115
false
0
83
16
212897
1
0
0
27
6.276518
61.864999
false
0
12
7
163789
0
0
0
1
59.774011
65.084746
true
0
1
0
1770
0
0
0
5
47.326093
3.023940
false
0
1
0
14548
0
0
0
5
47.326093
3.023940
false
0
1
0
14548
0
0
0
9
2.273088
20.050068
false
0
16
4
56663
0
0
0
9
2.273088
20.050068
false
0
16
4
56663
0
0
0
11
10.403232
23.853537
false
0
13
9
12871
0
0
0
30
11.426320
68.444546
false
0
34
24
25380
0
0
0
99
35.425477
78.628665
false
0
79
67
209466
0
0
0
49
35.809189
53.631663
true
2
14
6
181688
2
0
0
46
5.243363
59.527682
true
1
215
6
396798
1
0
0
64
11.110439
67.184883
false
0
236
11
313419
0
0
0
27
10.564228
24.014229
false
0
125
6
153607
0
0
0
27
10.564228
24.014229
false
0
125
6
153607
0
0
0
51
11.308244
56.092910
false
0
95
22
155257
1
0
0
13
6.855506
56.820219
false
0
37
11
33853
0
0
0
13
13.622781
10.578739
false
0
55
6
65125
3
0
0
38
5.215489
88.258352
false
0
260
7
249131
3
0
0
38
5.215489
88.258352
false
0
260
7
249131
0
0
0
5
45.860785
3.244078
false
0
1
0
10471
0
0
0
5
45.860785
3.244078
false
0
1
0
10471
0
0
0
18
5.237790
38.750255
false
0
69
10
42593
0
0
0
18
5.237790
38.750255
false
0
69
10
42593
0
0
0
83
33.398932
80.098737
false
0
73
46
170725
0
0
0
10
2.014787
30.602068
false
0
28
8
40615
0
0
0
10
2.014787
30.602068
false
0
28
8
40615
0
0
0
18
19.363556
47.302784
false
0
9
4
49571
0
0
0
4
2.859299
10.326488
false
0
50
1
51672
0
0
0
4
2.859299
10.326488
false
0
50
1
51672
0
0
0
7
14.529601
26.100409
false
0
26
2
76265
0
0
0
47
23.996004
35.059604
false
0
51
10
149814
1
0
0
46
9.848852
79.762638
false
0
105
13
138208
0
0
0
39
17.914402
72.409651
false
0
80
21
118240
0
0
0
33
18.052918
46.639086
false
0
22
15
269098
0
0
0
33
18.052918
46.639086
false
0
22
15
269098
0
0
0
6
5.915516
32.102108
false
0
2
2
36005
0
0
0
6
5.915516
32.102108
false
0
2
2
36005
0
0
0
40
19.701480
6.994216
false
0
50
7
128408
0
0
0
31
21.658593
15.423902
false
0
3
3
53808
0
0
0
12
35.442339
73.321377
false
0
8
2
28965
0
0
0
43
6.483072
30.712657
false
0
188
6
274675
0
0
0
43
6.483072
30.712657
false
0
188
6
274675
0
0
0
65
7.969102
80.892117
false
0
72
31
144175
0
0
0
14
13.145204
3.345255
false
0
42
6
501915
0
0
0
14
13.145204
3.345255
false
0
42
6
501915
1
0
1
17
15.754612
6.872793
false
0
86
4
140433
0
0
0
19
18.123980
43.670526
false
0
27
6
58278
0
0
0
74
9.124300
14.336455
false
0
101
64
109717
0
0
0
2
10.146751
79.127726
false
0
1
1
4770
0
0
0
2
10.146751
79.127726
false
0
1
1
4770
0
0
0
11
12.126331
44.613192
false
0
11
3
159831
0
0
0
11
12.126331
44.613192
false
0
11
3
159831
1
0
0
21
22.410283
26.005261
false
0
80
11
70249
1
0
1
31
3.665496
86.748194
false
0
82
12
296295
1
0
1
31
3.665496
86.748194
false
0
82
12
296295
0
0
0
7
15.878895
90.193616
false
0
68
3
63375
0
0
0
27
17.300963
39.366883
false
0
35
5
325944
1
0
0
40
31.006137
80.409885
true
0
31
9
99351
0
0
0
11
21.578271
24.985021
false
0
6
3
22566
0
0
0
8
8.134856
68.233278
false
0
80
2
85933
0
0
0
8
4.389831
66.998135
false
0
3
3
40159
0
0
0
5
45.014594
3.388998
false
0
0
0
10595
0
0
0
14
14.836170
79.832526
false
0
37
8
28960
1
0
0
52
23.963646
55.210269
false
0
44
24
138353
0
0
0
13
16.928870
81.559360
false
0
43
4
46202
0
0
0
29
44.239035
15.964971
false
0
27
13
96362
0
0
0
29
44.239035
15.964971
false
0
27
13
96362
0
0
0
15
4.244297
9.714809
false
0
43
3
105979
0
0
0
15
4.244297
9.714809
false
0
43
3
105979
0
0
0
0
0.000000
50.000000
false
0
0
0
175
0
0
0
1
0.000000
10.238727
false
0
15
1
29373
0
0
0
25
3.810959
75.935514
false
0
134
8
195848
0
0
0
25
3.810959
75.935514
false
0
134
8
195848
0
0
0
0
0.000000
1.285085
false
0
0
0
19840
0
0
0
0
0.000000
1.285085
false
0
0
0
19840
0
0
0
0
0.000000
1.285085
false
0
0
0
19840
0
0
0
143
20.872190
86.904391
false
0
22
16
668884
0
0
0
10
27.599031
10.737124
false
0
41
0
240620
0
0
0
13
3.375480
58.728766
false
0
8
3
114651
0
0
0
12
15.314688
47.795693
false
0
22
6
30141
0
0
0
12
15.314688
47.795693
false
0
22
6
30141
0
0
0
8
2.070717
81.776765
false
0
7
4
59435
0
0
0
8
2.070717
81.776765
false
0
7
4
59435
0
0
0
5
39.500048
2.681992
false
0
1
0
10233
0
0
0
39
39.210519
15.129042
false
0
11
11
71284
0
0
0
39
39.210519
15.129042
false
0
11
11
71284
0
0
0
8
3.729430
54.635488
false
0
9
4
24179
0
0
0
8
3.729430
54.635488
false
0
9
4
24179
0
0
0
8
1.581631
89.591481
false
0
32
3
519527
0
0
0
8
1.581631
89.591481
false
0
32
3
519527
0
0
0
26
9.084707
91.252874
false
0
30
5
242773
0
0
0
26
9.084707
91.252874
false
0
30
5
242773
0
0
0
10
8.710567
68.018300
false
0
28
1
153040
0
0
0
10
8.710567
68.018300
false
0
28
1
153040
0
0
0
10
32.789450
83.985075
false
1
28
4
50467
0
0
0
47
13.037184
58.213750
false
0
73
11
231392
0
0
0
18
11.336605
82.827990
false
0
14
11
72138
0
0
0
41
31.327143
6.565102
false
0
14
0
143067
0
0
0
41
31.327143
6.565102
false
0
14
0
143067
2
0
1
36
5.928550
10.092340
false
0
172
7
183396
0
0
0
8
69.152207
2.351259
false
0
4
4
111230
0
0
0
17
22.597372
35.378510
false
0
13
7
33926
0
0
0
19
4.117269
20.961731
false
0
66
5
66872
0
0
0
19
4.117269
20.961731
false
0
66
5
66872
2
0
0
202
70.361473
62.206361
false
0
157
56
575341
3
0
0
85
11.975061
6.071032
false
0
40
9
594663
0
0
0
5
39.481457
3.138318
false
0
1
0
11636
0
0
0
26
48.692817
44.703770
false
0
21
4
48761
0
0
0
26
48.692817
44.703770
false
0
21
4
48761
0
0
0
26
48.692817
44.703770
false
0
21
4
48761
1
0
0
20
1.958798
15.590054
false
0
20
14
35532
1
0
0
20
1.958798
15.590054
false
0
20
14
35532
1
0
0
20
1.958798
15.590054
false
0
20
14
35532
1
0
0
15
17.068365
9.562248
false
0
89
6
84765
1
0
0
15
17.068365
9.562248
false
0
89
6
84765
1
0
0
18
84.925303
11.076263
false
0
8
6
245719
0
0
0
7
1.750823
33.953650
false
0
65
4
74603
0
0
0
7
1.750823
33.953650
false
0
65
4
74603
0
0
0
49
18.643553
31.607426
false
0
41
23
191046
0
0
0
17
0.941570
94.516472
false
0
120
7
837775
0
0
0
0
0.000000
40.000000
false
0
1
1
251
0
0
0
12
5.731808
17.659671
false
0
13
4
98923
1
0
0
23
10.155036
66.836630
false
0
45
7
117004
0
0
0
6
4.056620
50.232558
false
0
13
3
10352
0
0
0
12
1.945265
77.819215
false
0
65
7
126936
0
0
0
11
2.758155
15.161381
false
0
4
4
264809
0
0
0
5
44.268995
3.019628
false
0
1
0
10732
0
0
0
5
44.268995
3.019628
false
0
1
0
10732
0
0
0
18
1.225225
2.898168
false
0
194
9
124964
1
0
0
39
5.374446
74.156824
true
0
114
11
410117
0
0
0
21
8.275757
51.783198
false
0
64
9
98400
0
0
0
21
8.275757
51.783198
false
0
64
9
98400
1
0
0
26
7.610322
83.158205
false
0
30
7
219261
1
0
0
26
7.610322
83.158205
false
0
30
7
219261
0
0
0
48
28.970948
8.310397
true
0
87
11
191496
0
0
0
5
45.767575
3.244078
false
0
1
0
10453
0
0
0
5
45.767575
3.244078
false
0
1
0
10453
0
0
0
21
22.960993
75.069897
false
0
16
14
19098
0
0
0
11
0.000000
11.605532
false
0
21
11
30384
0
0
0
11
0.000000
11.605532
false
0
21
11
30384
0
0
0
20
27.811614
67.212521
false
0
11
11
68777
1
0
0
39
34.160661
84.945189
true
0
14
9
69661
1
0
0
39
34.160661
84.945189
true
0
14
9
69661
1
0
0
39
34.160661
84.945189
true
0
14
9
69661
0
0
0
18
17.600697
52.855142
false
0
4
3
24091
2
0
0
45
20.040653
45.074288
false
0
82
19
152482
0
0
0
22
3.793995
24.155334
false
0
27
15
27105
0
0
0
54
14.343800
22.083850
false
0
137
24
73458
0
0
0
12
10.458811
21.649876
false
0
38
6
40355
0
1
0
65
16.553608
88.557872
false
0
22
6
338121
0
1
0
65
16.553608
88.557872
false
0
22
6
338121
4
0
0
57
14.718130
83.945401
false
0
105
20
198344
0
0
0
15
14.677234
5.205838
false
0
7
3
61585
0
0
0
10
9.333901
33.171540
false
0
9
3
159249
1
0
0
8
2.482796
1.692525
false
1
8
7
6665
0
0
0
21
2.344333
88.445761
false
0
164
7
483510
0
0
0
17
92.305328
40.430622
false
0
8
6
78093
0
0
0
17
92.305328
40.430622
false
0
8
6
78093
0
0
0
0
NaN
NaN
false
0
0
0
0
0
0
0
0
0.000000
2.102190
true
0
0
0
7096
0
0
0
0
0.000000
2.102190
true
0
0
0
7096
2
0
0
53
4.517546
16.697200
false
0
117
19
357477
0
0
0
37
14.192364
57.068126
false
0
111
21
105797
0
0
0
32
27.535429
66.244580
false
0
11
6
95570
0
0
0
14
51.614307
73.921114
false
0
13
6
85043
0
0
0
14
51.614307
73.921114
false
0
13
6
85043
0
0
0
10
21.712194
29.099678
false
0
6
5
7102
0
0
0
10
21.712194
29.099678
false
0
6
5
7102
0
0
0
10
21.712194
29.099678
false
0
6
5
7102
0
0
0
17
9.644075
24.876808
false
0
26
6
38389
0
0
0
4
0.805289
89.083575
false
0
52
2
95742
0
0
0
2
0.000000
81.332369
false
0
2
2
20912
0
0
0
0
0.000000
19.129439
false
0
0
0
1090
0
0
0
0
0.000000
19.129439
false
0
0
0
1090
0
0
0
5
40.580927
3.084733
false
0
1
0
11364
0
0
0
12
12.427316
64.766954
false
0
27
8
14773
0
0
0
14
88.917724
73.696408
false
0
2
2
55873
0
0
0
34
10.439473
58.314331
true
0
107
7
107333
0
0
0
14
12.796962
3.295039
false
0
35
6
491598
0
0
0
14
12.796962
3.295039
false
0
35
6
491598
0
0
0
7
11.679078
6.285053
false
0
9
2
41619
0
0
0
7
11.679078
6.285053
false
0
9
2
41619
1
0
0
62
2.327627
50.000000
false
0
193
20
549177
1
0
0
62
2.327627
50.000000
false
0
193
20
549177
0
0
0
5
12.005404
28.174603
false
0
5
4
5181
0
0
0
5
12.005404
28.174603
false
0
5
4
5181
1
0
0
42
21.057461
79.910274
false
0
58
14
127513
0
0
0
20
25.403188
24.714307
false
0
86
3
361413
1
0
1
17
11.304237
72.604194
false
0
3
3
78239
1
0
1
17
11.304237
72.604194
false
0
3
3
78239
0
0
0
33
32.114606
72.771536
false
0
33
24
21703
0
0
0
33
32.114606
72.771536
false
0
33
24
21703
0
0
0
7
0.000000
32.861235
false
0
3
7
20050
0
0
0
7
0.000000
32.861235
false
0
9
7
20050
2
0
0
43
59.449762
66.788429
false
0
10
9
113119
2
0
0
43
59.449762
66.788429
false
0
10
9
113119
0
0
0
14
3.460600
25.715773
false
0
34
6
39729
0
0
0
6
23.459788
40.633484
false
0
3
3
3295
0
0
0
18
34.771680
40.891720
false
0
10
3
28644
1
0
0
14
11.889756
63.327413
false
0
32
9
94377
0
0
0
35
3.375572
76.452825
false
0
63
10
248856
0
0
0
23
56.567252
83.999076
false
0
147
7
326607
0
0
0
23
56.567252
83.999076
false
0
147
7
326607
0
0
0
26
96.022367
38.884331
false
0
8
6
397724
0
0
0
11
3.188867
90.263067
false
0
51
0
469732
0
0
0
33
9.111678
23.588816
true
0
135
6
110794
0
0
0
23
18.852459
58.928571
false
0
3
3
130858
0
0
0
23
18.852459
58.928571
false
0
3
3
130858
0
0
0
23
18.852459
58.928571
false
0
3
3
130858
0
0
0
0
NaN
NaN
false
0
0
0
0
0
0
0
6
0.042882
77.885578
false
0
8
5
189922
0
0
0
6
0.042882
77.885578
false
0
8
5
189922
0
0
1
12
6.503419
9.068950
false
2
16
6
25156
0
0
0
8
2.587753
76.038904
false
0
8
6
11680
0
0
0
23
7.586639
47.313634
false
0
62
15
98918
0
0
0
27
23.616297
37.516302
false
0
18
6
48720
0
0
0
17
0.700477
88.618102
false
0
277
8
648340
0
0
0
17
0.700477
88.618102
false
0
277
8
648340
0
0
0
17
0.700477
88.618102
false
0
277
8
648340
0
0
0
17
0.700477
88.618102
false
0
277
8
648340
0
0
0
13
56.551595
24.506829
false
0
4
4
37412
0
0
0
13
56.551595
24.506829
false
0
4
4
37412
0
0
0
13
56.551595
24.506829
false
0
4
4
37412
3
0
1
39
1.871475
9.779709
false
6
177
30
431217
1
0
1
12
59.510852
57.792551
false
0
9
6
105651
0
0
0
26
49.001624
75.367213
false
0
7
1
99756
0
0
0
0
0.000000
45.182724
false
0
1
0
3678
1
0
0
43
12.497512
66.547410
false
0
197
10
267291
0
0
0
0
0.000000
29.411765
false
0
0
0
205
0
0
0
89
8.080958
20.399832
false
1
183
10
187056
4
0
0
40
2.967469
33.614583
false
0
175
8
211806
0
0
0
47
24.751596
74.789125
false
0
47
8
225531
1
0
0
23
3.402216
90.029945
false
0
18
12
89032
0
0
0
13
44.372990
16.533078
false
0
12
5
363862
1
0
0
16
28.040955
94.319867
false
0
3
3
100810
0
1
0
9
74.391495
13.622644
false
0
6
3
630741
0
0
0
1
13.556636
26.871718
false
0
0
0
18301
0
0
0
0
NaN
NaN
false
0
0
0
0
0
0
0
0
NaN
NaN
false
0
0
0
0
0
0
0
0
NaN
NaN
false
0
0
0
0
0
0
0
25
4.095679
23.176464
false
0
26
8
88011
0
0
0
25
4.095679
23.176464
false
0
26
8
88011
0
0
0
41
10.516203
86.313401
false
0
12
7
337205
0
0
0
17
31.269971
79.482198
false
0
26
5
75734
0
0
0
3
67.278706
8.999193
false
0
2
2
47502
0
0
0
28
11.910803
88.744155
false
0
38
7
202555
0
0
0
10
3.463718
90.837850
false
0
114
2
207604
0
0
0
7
7.159635
46.597278
false
0
4
3
10616
0
0
0
24
2.154612
71.243376
false
0
280
8
508447
0
0
0
7
1.511794
10.040363
false
0
18
3
70836
1
0
0
43
3.693804
29.263914
false
0
9
24
246483
1
0
0
43
3.693804
29.263914
false
0
112
24
246483
1
0
1
15
3.083078
82.896636
false
0
84
7
133727
0
0
0
29
9.586248
13.206970
false
0
0
0
480097
3
0
0
11
6.287158
54.071920
false
0
9
5
95369
12
0
0
31
3.030653
24.308039
false
0
75
24
198773
0
0
0
27
38.239206
71.561895
false
0
3
3
50363
0
0
0
42
4.992809
15.673228
true
0
127
9
353928
3
0
0
14
6.259363
74.665073
false
0
22
3
140566
2
0
0
4
0.973932
40.187266
false
0
80
5
58415
0
0
0
3
9.392265
35.576923
false
0
2
2
4344
0
0
0
9
2.252048
74.479922
false
0
27
1
139022
0
0
0
7
44.871996
31.254082
false
0
6
1
44429
0
0
0
18
4.372526
55.422151
false
0
31
10
99194
0
0
0
53
43.445341
62.598688
false
0
18
14
158611
0
0
0
53
43.445341
62.598688
false
0
18
14
158611
0
0
0
67
54.254504
82.489504
false
0
38
38
55961
0
0
0
33
14.924008
59.118956
false
0
24
14
68879
6
0
0
10
3.972334
83.154835
false
0
141
9
211209
6
0
0
10
3.972334
83.154835
false
0
141
9
211209
6
0
0
10
3.972334
83.154835
false
0
141
9
211209
0
0
0
5
44.865121
3.364671
false
0
0
0
10541
8
0
4
32
55.003863
38.826346
false
0
40
27
140843
0
0
0
15
2.803110
48.569163
false
0
14
3
88768
0
0
0
33
40.838724
36.659292
false
0
17
14
24834
1
0
1
54
5.432174
73.597232
false
0
381
14
811834
1
0
0
29
3.671200
69.871149
false
1
82
14
98580
0
0
0
53
27.307891
17.038984
false
0
78
38
104436
2
0
0
56
3.858148
42.927804
false
0
891
22
366955
0
0
0
10
1.139455
80.662528
false
0
176
7
333259
0
0
0
43
23.503386
56.702956
false
0
80
21
75498
3
0
0
19
7.208062
76.181894
false
0
48
9
81159
1
0
0
18
11.045212
29.814682
false
0
204
9
181747
4
0
0
9
13.012809
71.377522
false
0
19
7
32322
0
0
0
54
12.750570
27.619966
false
0
146
7
173252
1
0
0
0
0.000000
NaN
false
0
1
1
295
0
0
0
14
2.661303
78.906105
false
0
15
5
615960
0
0
0
22
7.971141
39.659921
false
0
15
13
56836
0
0
0
63
9.991218
60.188023
false
0
162
49
136008
0
0
0
15
9.726571
64.731892
false
0
23
6
109516
0
0
0
3
24.172185
35.077416
false
0
12
2
8456
0
0
0
12
0.445839
91.964843
false
0
216
8
308849
0
0
0
12
0.445839
91.964843
false
0
216
8
308849
1
0
1
18
11.740739
73.064834
false
0
3
3
77547
0
0
0
24
18.314709
45.863484
false
0
4
1
176563
0
0
0
0
0.000000
17.142857
false
0
0
0
213
0
0
0
0
0.000000
17.142857
false
0
0
0
213
0
0
0
0
0.000000
17.142857
false
0
0
0
213
0
0
0
28
10.652734
70.241925
false
0
41
7
196727
0
0
0
5
39.606325
3.137103
false
0
1
0
11578
0
0
0
26
22.201128
20.715937
false
0
3
3
282153
17
0
0
35
1.768053
27.627872
true
0
110
46
171928
2
0
0
20
5.883595
73.114792
false
0
107
2
279370
0
0
0
25
12.809866
87.114107
false
0
82
11
160298
0
0
0
18
3.139144
67.394570
false
0
56
13
36705
0
0
0
11
9.828365
29.383163
false
0
14
5
172197
0
0
0
35
25.115871
81.433974
false
0
24
8
138861
0
0
0
20
18.441798
8.256670
false
0
28
6
66123
0
0
0
13
93.160771
7.599176
false
0
3
3
161216
2
0
1
20
14.331824
76.337873
false
0
97
5
103790
0
0
0
14
38.584205
61.405814
false
0
14
7
30414
0
0
0
14
38.584205
61.405814
false
0
15
7
30414
0
0
0
8
23.610140
84.919008
false
0
74
2
278455
0
0
0
72
34.676968
81.258272
false
0
41
15
107172
0
0
0
72
34.676968
81.258272
false
0
41
15
107172
0
0
0
72
34.676968
81.258272
false
0
41
15
107172
0
0
0
72
34.676968
81.258272
false
0
41
15
107172
0
0
0
5
0.228872
93.735728
false
0
7
2
547433
0
0
0
5
0.228872
93.735728
false
0
7
2
547433
0
0
0
2
2.767808
59.550562
false
0
2
1
14486
0
0
0
11
28.714658
14.820009
false
0
22
6
8934
1
0
0
81
16.645429
75.633358
false
0
87
48
109299
1
0
0
16
10.705803
8.308151
false
0
26
8
94632
0
0
0
34
5.841666
54.433153
false
0
46
22
55963
0
0
0
9
3.155954
77.897377
false
0
65
2
120943
0
0
0
9
3.155954
77.897377
false
0
65
2
120943
0
0
0
18
0.467813
15.650400
false
0
69
13
385061
0
0
0
18
0.467813
15.650400
false
0
69
13
385061
0
0
0
0
0.000000
23.444976
false
0
0
0
612
0
0
0
0
0.000000
23.444976
false
0
0
0
612
0
0
0
43
10.264688
58.466351
false
0
27
5
102814
0
0
0
12
54.850121
32.608696
false
0
1
1
5351
0
0
0
12
54.850121
32.608696
false
0
1
1
5351
0
0
0
6
1.498098
68.315810
false
0
46
3
63614
0
0
0
23
11.956042
5.142047
false
0
62
3
136021
0
0
0
20
36.635907
61.669494
false
0
1
1
177813
0
0
0
20
36.635907
61.669494
false
0
1
1
177813
0
0
0
31
4.697237
87.659785
true
0
58
5
257052
2
0
0
58
7.645466
44.919928
false
0
267
17
427430
2
0
0
58
7.645466
44.919928
false
0
273
17
427430
1
0
0
61
17.441176
34.035738
false
0
33
36
100036
0
3
0
46
74.114659
65.856944
false
0
21
6
463399
0
3
0
46
74.114659
65.856944
false
0
21
6
463399
0
0
0
11
30.878028
26.920254
false
0
8
2
58800
0
0
0
11
30.878028
26.920254
false
0
8
2
58800
0
0
0
58
13.223588
88.629853
false
0
31
17
266190
1
0
0
5
43.442655
36.187340
false
0
2
2
77415
3
0
3
18
47.612220
76.344231
false
0
7
7
43216
0
1
0
11
0.535656
49.500362
false
0
52
9
39914
0
0
0
31
17.075386
78.410246
false
0
23
18
34131
0
0
0
31
17.075386
78.410246
false
0
23
18
34131
0
0
0
7
9.823087
69.322665
false
0
6
3
37070
0
0
0
5
45.741378
2.492331
false
0
0
0
11489
0
0
0
37
89.961753
35.739579
false
0
33
15
1256951
0
0
0
5
43.703025
3.100394
false
0
1
0
10832
1
0
0
18
13.093181
64.998190
false
0
94
11
103345
1
0
0
18
13.093181
64.998190
false
0
94
11
103345
0
0
0
11
21.232226
37.325192
false
0
21
6
57879
0
0
0
49
7.759090
86.987668
false
0
22
22
192693
0
0
0
49
7.759090
86.987668
false
0
22
22
192693
0
0
0
21
23.836749
28.617070
false
0
7
6
36439
0
0
0
5
45.814220
3.244078
false
0
1
0
10462
0
0
0
12
0.419915
55.191980
false
0
82
8
202949
2
0
0
6
8.144174
81.565843
false
0
71
5
132339
0
0
0
28
31.808211
69.370079
false
0
17
9
37166
0
0
0
28
31.808211
69.370079
false
0
17
9
37166
1
0
0
25
29.789653
33.720930
false
0
21
9
107206
0
0
0
14
55.843148
47.473404
false
0
5
5
14179
0
0
0
5
2.076653
49.308344
false
0
8
4
19633
0
0
0
5
2.076653
49.308344
false
0
8
4
19633
0
0
0
5
2.076653
49.308344
false
0
8
4
19633
0
0
0
21
56.022691
28.551415
false
0
8
4
49623
0
0
0
18
16.393850
89.402617
false
0
17
12
108627
0
0
0
18
16.393850
89.402617
false
0
17
12
108627
0
0
0
18
16.393850
89.402617
false
0
17
12
108627
0
0
0
18
16.393850
89.402617
false
0
17
12
108627
1
0
0
18
1.844789
86.224421
true
0
62
11
157246
0
0
0
24
4.782278
89.590092
false
0
292
8
907418
0
0
0
2
0.883823
27.999157
false
0
35
1
16406
0
0
0
24
21.510595
22.767821
false
0
28
14
102410
0
0
0
12
12.572424
69.758384
false
0
87
5
191730
0
0
0
9
1.249685
60.416010
false
0
26
8
31766
0
0
0
94
34.160444
58.787635
false
0
194
14
374328
0
0
0
11
5.636616
61.458134
false
0
16
5
63339
0
0
0
2
0.000000
10.358864
false
0
215
2
78358
0
0
0
24
2.239050
7.096021
false
0
45
13
195840
1
0
0
29
23.221074
43.272997
true
0
46
5
93114
0
0
0
8
6.353312
28.817204
false
0
20
6
7957
0
0
0
8
6.353312
28.817204
false
0
20
6
7957
9
0
1
32
15.035409
3.306013
false
0
19
17
106358
9
0
1
32
15.035409
3.306013
false
0
25
17
106358
3
0
0
22
4.295710
84.131330
false
0
172
14
191796
1
4
0
59
14.148387
80.810936
false
0
20
27
308375
0
0
0
0
NaN
NaN
false
0
0
0
0
0
0
0
33
5.177900
83.715937
false
0
74
4
290540
0
0
0
32
5.368939
75.185521
false
0
152
16
118695
0
0
0
32
5.368939
75.185521
false
0
152
16
118695
0
0
0
14
72.257598
11.217184
false
0
5
5
77422
0
0
0
14
72.257598
11.217184
false
0
5
5
77422
0
0
0
15
76.567860
32.571429
false
0
6
6
11369
0
0
0
15
76.567860
32.571429
false
0
6
6
11369
0
0
0
15
76.567860
32.571429
false
0
6
6
11369
0
0
0
5
0.000000
32.478552
false
0
126
5
69926
2
0
1
40
9.936962
25.131457
false
0
92
7
293041
0
0
0
11
20.624152
56.380911
false
0
9
5
17682
0
0
0
5
17.956796
81.960784
false
0
3
3
2222
0
0
0
5
40.565561
3.135889
false
0
1
0
11556
0
0
0
8
1.104699
22.965369
false
0
8
4
270721
0
0
0
39
4.522972
22.021116
false
0
40
22
62771
0
0
0
39
4.522972
22.021116
false
0
40
22
62771
0
0
0
9
48.829986
46.534653
false
0
6
6
4829
0
0
0
18
3.176647
26.890840
false
0
75
11
85133
0
0
0
18
3.176647
26.890840
false
0
75
11
85133
0
0
0
18
3.176647
26.890840
false
0
75
11
85133
0
5
0
27
17.299621
41.956842
false
0
6
1
228060
0
5
0
27
17.299621
41.956842
false
0
6
1
228060
2
0
0
16
2.968800
53.219543
false
0
99
10
53540
0
0
0
26
13.010225
56.180352
false
0
54
14
74522
0
0
0
0
0.000000
15.463918
false
0
0
0
280
4
0
3
24
7.596149
16.793429
false
0
26
8
133670
2
0
0
7
5.058612
8.737902
false
0
41
4
32622
0
0
0
12
3.360640
31.563301
false
0
89
8
243064
0
0
0
9
63.091341
59.353440
false
0
6
2
37550
0
0
0
28
3.907460
32.444216
false
0
112
15
99056
0
0
0
33
36.704330
33.465077
false
0
48
9
208158
0
0
0
8
24.202988
66.078648
false
0
10
5
12986
1
0
0
9
2.775805
74.640288
false
0
31
7
47865
1
0
1
23
33.956927
72.392049
false
0
9
9
30976
0
0
0
27
69.198828
51.691857
false
0
20
14
240348
0
0
0
5
51.761103
3.244078
false
0
1
0
11752
0
0
0
20
3.825466
8.371500
false
0
8
1
851029
0
0
0
20
3.825466
8.371500
false
0
8
1
851029
