0
0
0
35
12.082632
17.990482
false
0
32
20
127724
0
0
0
3
0.000000
69.333065
false
0
43
3
76891
0
0
0
41
30.395484
80.290876
false
0
72
7
223925
1
0
0
2
0.000000
39.713047
false
0
1
3
33159
0
0
0
17
0.332546
60.003380
false
0
10
15
145174
0
0
0
49
21.470247
11.208769
false
0
1
3
144135
0
0
0
25
11.740582
79.041849
false
0
8
12
81197
0
0
0
40
38.009415
78.594848
false
0
3
2
131457
0
0
0
5
1.949073
87.845246
false
0
9
1
109972
2
0
0
19
1.678992
78.436465
false
0
63
11
153024
0
0
0
13
12.915935
20.327103
false
0
3
5
20676
1
0
0
49
6.421536
20.603101
false
0
172
18
388038
0
0
0
5
1.388327
25.171295
false
0
0
3
24688
0
0
0
42
13.594938
68.652219
false
0
24
9
124196
0
0
0
23
15.003915
63.378365
false
0
7
9
57363
0
0
0
22
15.882820
45.467069
false
0
21
9
128536
0
0
0
17
62.709916
18.038751
false
0
2
0
158575
0
0
0
6
1.939434
91.656543
false
0
4
4
36086
0
0
0
21
3.806629
80.214772
false
0
11
8
125091
0
0
0
21
13.307735
50.528664
false
0
4
12
48701
0
0
0
17
33.445422
22.486034
false
0
11
8
27062
0
0
0
58
26.637501
62.965958
false
0
39
34
81134
0
0
0
19
9.890814
72.877366
false
0
24
6
272702
0
0
0
57
14.624062
77.881168
false
0
58
37
146972
1
0
0
28
5.983069
64.062051
false
0
16
23
26224
0
0
0
17
4.942041
58.654272
false
0
38
3
910674
0
0
0
5
6.744839
25.166154
false
0
17
1
80235
0
0
0
8
10.961727
64.535727
false
0
12
6
51910
0
0
0
11
2.900045
7.464323
false
0
15
3
70788
0
0
0
8
1.513328
79.644444
false
0
1
7
29074
0
0
0
33
7.132703
26.578904
false
0
37
25
59775
0
0
0
27
69.278857
45.413169
false
0
35
24
179798
0
0
0
0
0.000000
29.344826
false
0
0
0
30380
0
0
0
8
0.647261
32.010717
false
0
0
7
57160
0
0
0
7
29.047793
85.785072
false
0
38
1
134342
0
0
0
24
2.358099
22.943194
false
0
23
21
121757
0
0
0
9
7.997075
87.334718
false
0
12
2
209213
0
0
0
24
22.469807
85.765809
false
0
4
8
33110
1
0
0
32
15.796776
86.230292
false
0
30
4
399116
1
0
0
48
45.611041
74.852808
false
0
29
17
171652
0
0
0
18
11.933441
75.694444
false
0
4
9
24159
0
0
0
31
33.252199
73.346167
false
0
27
13
72307
0
0
0
35
25.158779
81.288666
false
0
24
8
139200
0
0
0
31
14.181291
35.614583
false
0
49
9
329331
0
0
0
35
25.438399
52.964272
false
0
80
13
84527
0
0
0
43
27.185668
80.092800
false
0
41
4
134903
0
0
0
12
13.221247
80.547701
false
0
4
5
25750
0
0
0
19
2.954976
70.970777
false
0
4
13
66471
0
0
0
0
0.000000
7.031250
false
0
0
0
6148
0
0
0
28
19.223746
82.075819
false
0
8
7
96918
0
0
0
20
9.687680
86.293806
false
0
1
11
222585
0
1
0
14
3.825514
14.558233
false
0
16
7
44909
1
0
0
31
28.373136
89.840695
false
0
38
9
161852
0
0
0
22
10.694413
76.203273
false
0
10
10
75190
0
0
0
18
32.222110
47.090620
false
0
0
15
29596
0
0
0
12
20.836237
10.237755
false
0
7
6
17214
0
1
0
19
55.952634
68.055065
false
0
6
4
669082
1
0
0
56
75.307584
49.756256
false
0
4
27
154088
0
0
0
17
91.565468
17.686991
false
0
28
10
934062
1
0
0
22
15.548296
47.061760
false
0
35
9
57852
0
0
0
32
1.374859
87.601619
false
0
83
11
661576
1
0
0
10
4.488529
40.925326
false
0
24
5
199464
0
0
0
26
30.539060
20.179773
false
0
3
5
65169
0
0
0
39
16.841914
48.195974
false
0
56
19
93675
