0
0
0
1
45.475295
17.500000
false
0
0
0
31107
0
0
0
1
48.353697
21.666667
false
0
0
0
30037
0
0
0
1
51.255027
17.857143
false
0
0
0
28844
0
0
0
1
49.097840
15.841584
false
0
0
0
31480
0
0
0
1
49.643016
16.666667
false
0
0
0
29273
0
0
0
1
49.896064
15.920398
false
0
0
0
29345
0
0
0
1
50.412628
15.300546
false
0
0
0
30536
0
0
0
1
46.821746
16.935484
false
0
0
0
30221
0
0
0
1
50.259496
16.981132
false
0
0
0
30251
0
0
0
1
51.663672
18.796992
false
0
0
0
30054
0
0
0
1
45.903890
14.611872
false
0
0
0
30590
0
0
0
1
50.456978
16.243655
false
0
0
0
30089
0
0
0
1
46.765335
18.556701
false
0
0
0
30405
0
0
0
1
49.812695
15.789474
false
0
0
0
28830
0
0
0
1
49.186496
17.877095
false
0
0
0
29502
0
0
0
1
47.508450
19.753086
false
0
0
0
29881
0
0
0
1
48.878024
17.307692
false
0
0
0
30883
0
0
0
1
50.086367
17.968750
false
0
0
0
30683
0
0
0
1
51.683108
17.777778
false
0
0
0
29499
0
0
0
1
47.926484
16.312057
false
0
0
0
29708
0
0
0
1
48.922099
16.145833
false
0
0
0
30847
0
0
0
1
46.656687
16.145833
false
0
0
0
30060
0
0
0
1
49.932437
19.512195
false
0
0
0
29602
0
0
0
1
48.522806
16.564417
false
0
0
0
30497
0
0
0
1
48.132286
19.178082
false
0
0
0
31054
0
0
0
1
48.451955
16.071429
false
0
0
0
32428
0
0
0
1
47.900926
15.476190
false
0
0
0
30442
0
0
0
1
49.213328
17.894737
false
0
0
0
31843
0
0
0
1
48.705384
19.047619
false
0
0
0
30202
0
0
0
1
48.915000
16.216216
false
0
0
0
30553
0
0
0
1
48.498508
17.821782
false
0
0
0
30836
0
0
0
1
48.281506
17.682927
false
0
0
0
31772
0
0
0
1
48.701664
16.463415
false
0
0
0
30231
0
0
0
1
49.929044
17.171717
false
0
0
0
29596
0
0
0
1
48.304405
17.415730
false
0
0
0
31169
0
0
0
1
49.109629
17.293233
false
0
0
0
30886
0
0
0
1
50.487614
16.000000
false
0
0
0
29429
0
0
0
1
50.644248
15.609756
false
0
0
0
30035
0
0
0
1
50.557065
14.155251
false
0
0
0
29440
0
0
0
1
49.888694
19.047619
false
0
0
0
29648
0
0
0
1
49.332807
15.942029
false
0
0
0
30426
0
0
0
1
48.807303
18.000000
false
0
0
0
30016
0
0
0
1
47.293363
20.689655
false
0
0
0
30573
0
0
0
1
49.872242
17.346939
false
0
0
0
30135
0
0
0
1
47.485942
20.000000
false
0
0
0
30409
0
0
0
1
49.842353
18.390805
false
0
0
0
30765
0
0
0
1
47.129045
15.909091
false
0
0
0
30408
0
0
0
1
49.761864
16.883117
false
0
0
0
29185
0
0
0
1
48.802572
16.000000
false
0
0
0
30482
0
0
0
1
49.257764
18.750000
false
0
0
0
30718
0
0
0
1
49.465021
19.166667
false
0
0
0
30375
0
0
0
1
49.238496
15.584416
false
0
0
0
30860
0
0
0
1
48.839923
16.770186
false
0
0
0
29136
0
0
0
1
50.209695
15.384615
false
0
0
0
30759
0
0
0
1
48.859408
14.912281
false
0
0
0
30905
0
0
0
1
47.951365
16.763006
false
0
0
0
31582
0
0
0
1
47.121176
17.834395
false
0
0
0
29717
0
0
0
1
47.183743
16.756757
false
0
0
0
31691
0
0
0
1
47.894024
16.577540
false
0
0
0
31743
0
0
0
1
49.673050
16.513761
false
0
0
0
29974
0
0
0
1
48.863291
21.818182
false
0
0
0
29603
0
0
0
1
47.575709
16.535433
false
0
0
0
31205
0
0
0
1
47.899485
17.910448
false
0
0
0
31040
0
0
0
1
47.650100
16.891892
false
0
0
0
30363
0
0
0
1
48.364061
14.925373
false
0
0
0
30808
0
0
0
1
50.978698
17.318436
false
0
0
0
30091
0
0
0
1
48.988088
17.543860
false
0
0
0
31228
0
0
0
1
47.673424
17.441860
false
0
0
0
30388
0
0
0
1
50.179508
17.318436
false
0
0
0
28968
0
0
0
1
49.274266
16.326531
false
0
0
0
29074
0
0
0
1
49.209098
16.201117
false
0
0
0
30029
0
0
0
1
49.484059
16.853933
false
0
0
0
30236
0
0
0
1
48.930090
16.666667
false
0
0
0
28694
0
0
0
1
49.735395
18.902439
false
0
0
0
29100
0
0
0
1
50.354923
21.052632
false
0
0
0
29443
0
0
0
1
48.135934
18.181818
false
0
0
0
28808
0
0
0
1
48.678852
17.197452
false
0
0
0
29709
0
0
0
1
51.264523
18.260870
false
0
0
0
29695
0
0
0
1
48.821771
19.354839
false
0
0
0
31785
0
0
0
1
50.814957
16.000000
false
0
0
0
28161
0
0
0
1
48.682757
15.533981
false
0
0
0
29873
0
0
0
1
47.347178
19.444444
false
0
0
0
30722
0
0
0
1
45.979667
16.470588
false
0
0
0
30296
0
0
0
1
49.279481
16.666667
false
0
0
0
29909
0
0
0
1
50.562676
16.107383
false
0
0
0
29413
0
0
0
1
49.019415
15.957447
false
0
0
0
30543
0
0
0
1
47.572022
16.666667
false
0
0
0
30581
0
0
0
1
46.159272
17.391304
false
0
0
0
31192
0
0
0
1
50.653651
15.602837
false
0
0
0
29297
0
0
0
1
51.035404
16.477273
false
0
0
0
29940
0
0
0
1
49.051233
17.475728
false
0
0
0
29512
0
0
0
1
51.982059
16.666667
false
0
0
0
30322
0
0
0
1
49.671108
16.129032
false
0
0
0
29949
0
0
0
1
48.842286
16.666667
false
0
0
0
30232
0
0
0
1
47.459893
16.504854
false
0
0
0
29920
0
0
0
1
48.638691
16.541353
false
0
0
0
30669
0
0
0
1
50.123187
16.939891
false
0
0
0
32065
0
0
0
1
50.218075
16.778523
false
0
0
0
31182
0
0
0
1
48.481805
16.571429
false
0
0
0
29871
0
0
0
1
49.597257
14.935065
false
0
0
0
30913
0
0
0
1
50.098626
16.312057
false
0
0
0
30418
0
0
0
1
49.109457
19.642857
false
0
0
0
30094
0
0
0
1
47.549944
16.666667
false
0
0
0
31285
0
0
0
1
46.483121
16.062176
false
0
0
0
30837
0
0
0
1
48.505027
17.647059
false
0
0
0
30636
0
0
0
1
48.444039
17.032967
false
0
0
0
31781
0
0
0
1
51.480242
17.894737
false
0
0
0
30468
0
0
0
1
49.801870
17.460317
false
0
0
0
32302
0
0
0
1
49.438669
15.500000
false
0
0
0
31265
0
0
0
1
48.538755
15.094340
false
0
0
0
29906
0
0
0
1
48.188345
17.948718
false
0
0
0
29945
0
0
0
1
48.352124
15.646259
false
0
0
0
32375
0
0
0
1
47.865973
15.436242
false
0
0
0
30740
0
0
0
1
52.107343
15.833333
false
0
0
0
30109
0
0
0
1
48.804537
17.419355
false
0
0
0
31034
0
0
0
1
48.303710
19.480519
false
0
0
0
30832
0
0
0
1
51.506114
17.605634
false
0
0
0
30177
0
0
0
1
47.801379
15.454545
false
0
0
0
32202
0
0
0
1
48.661574
16.384181
false
0
0
0
30110
0
0
0
1
48.556921
17.948718
false
0
0
0
29936
0
0
0
1
50.463631
17.391304
false
0
0
0
29118
0
0
0
1
50.418732
15.454545
false
0
0
0
29852
0
0
0
1
48.231763
16.964286
false
0
0
0
30652
0
0
0
1
47.768070
17.333333
false
0
0
0
31475
0
0
0
1
49.553249
16.666667
false
0
0
0
30442
0
0
0
1
48.110012
17.721519
false
0
0
0
29815
0
0
0
1
48.591861
17.647059
false
0
0
0
31602
0
0
0
1
48.934881
18.571429
false
0
0
0
31358
0
0
0
1
48.457738
15.822785
false
0
0
0
29956
0
0
0
1
50.270609
16.949153
false
0
0
0
30302
0
0
0
1
47.288403
18.584071
false
0
0
0
32361
0
0
0
1
46.616643
17.721519
false
0
0
0
29719
0
0
0
1
47.479603
16.410256
false
0
0
0
29539
0
0
0
1
50.707563
17.261905
false
0
0
0
30386
0
0
0
1
52.240040
16.964286
false
0
0
0
30245
0
0
0
1
49.036874
16.153846
false
0
0
0
30889
0
0
0
1
47.845870
15.025907
false
0
0
0
31428
0
0
0
1
46.303427
15.544041
false
0
0
0
31164
0
0
0
1
49.570606
16.455696
false
0
0
0
29693
0
0
0
1
46.693209
15.517241
false
0
0
0
30392
0
0
0
1
46.742897
17.977528
false
0
0
0
31746
0
0
0
1
50.382012
16.842105
false
0
0
0
29842
0
0
0
1
48.990574
17.266187
false
0
0
0
29918
0
0
0
1
49.895711
17.261905
false
0
0
0
30684
0
0
0
1
49.991123
16.363636
false
0
0
0
28163
0
0
0
1
48.213997
16.279070
false
0
0
0
30935
0
0
0
1
49.211809
16.107383
false
0
0
0
29942
0
0
0
1
48.241054
16.556291
false
0
0
0
29819
0
0
0
1
48.016235
16.058394
false
0
0
0
29565
0
0
0
1
49.865004
16.101695
false
0
0
0
31112
0
0
0
1
48.957175
18.248175
false
0
0
0
29679
0
0
0
1
49.474126
18.095238
false
0
0
0
30996
0
0
0
1
48.504294
15.736041
false
0
0
0
31323
0
0
0
1
51.694011
16.666667
false
0
0
0
29988
0
0
0
1
48.165765
19.444444
false
0
0
0
30694
0
0
0
1
47.629980
16.161616
false
0
0
0
29620
0
0
0
1
47.604153
15.763547
false
0
0
0
30052
0
0
0
1
47.535061
18.604651
false
0
0
0
30447
0
0
0
1
49.151296
17.391304
false
0
0
0
31283
0
0
0
1
51.384112
16.822430
false
0
0
0
29369
0
0
0
1
49.028906
15.463918
false
0
0
0
28679
0
0
0
1
50.439199
16.250000
false
0
0
0
31307
0
0
0
1
47.409352
17.142857
false
0
0
0
30861
0
0
0
1
46.154599
18.571429
false
0
0
0
30647
0
0
0
1
49.004323
16.000000
false
0
0
0
30532
0
0
0
1
48.333333
16.363636
false
0
0
0
30060
0
0
0
1
48.818246
18.055556
false
0
0
0
32621
0
0
0
1
50.123579
16.470588
false
0
0
0
30345
0
0
0
1
46.682215
15.079365
false
0
0
0
31301
0
0
0
1
47.775735
15.789474
false
0
0
0
30999
0
0
0
1
47.506765
17.391304
false
0
0
0
31044
0
0
0
1
51.568342
15.909091
false
0
0
0
31562
0
0
0
1
49.547375
16.167665
false
0
0
0
29826
0
0
0
1
49.298013
15.333333
false
0
0
0
30200
0
0
0
1
50.237644
16.352201
false
0
0
0
30087
0
0
0
1
48.766406
15.000000
false
0
0
0
29791
0
0
0
1
50.962998
16.556291
false
0
0
0
29647
0
0
0
1
50.843229
19.387755
false
0
0
0
30063
0
0
0
1
48.012605
16.666667
false
0
0
0
29511
0
0
0
1
47.377512
16.406250
false
0
0
0
30105
0
0
0
1
47.908993
14.285714
false
0
0
0
30679
0
0
0
1
49.777515
14.814815
false
0
0
0
28766
0
0
0
1
49.662542
16.111111
false
0
0
0
28448
0
0
0
1
49.852691
15.584416
false
0
0
0
30548
0
0
0
1
46.344126
19.354839
false
0
0
0
29309
0
0
0
1
47.824808
16.666667
false
0
0
0
30595
0
0
0
1
50.520388
19.047619
false
0
0
0
28056
0
0
0
1
47.343821
17.088608
false
0
0
0
31022
0
0
0
1
46.994517
19.753086
false
0
0
0
29363
0
0
0
1
48.650796
16.153846
false
0
0
0
32723
0
0
0
1
47.502873
14.285714
false
0
0
0
30455
0
0
0
1
49.204732
16.428571
false
0
0
0
30430
0
0
0
1
48.702932
17.318436
false
0
0
0
31417
0
0
0
1
49.368864
17.948718
false
0
0
0
31372
0
0
0
1
49.353547
15.816327
false
0
0
0
30474
0
0
0
1
51.216984
17.391304
false
0
0
0
29910
0
0
0
1
50.130902
17.808219
false
0
0
0
32467
0
0
0
1
49.615066
16.379310
false
0
0
0
31434
0
0
0
1
51.125445
16.564417
false
0
0
0
29766
0
0
0
1
48.736989
17.532468
false
0
0
0
30166
0
0
0
1
47.101962
16.129032
false
0
0
0
31090
0
0
0
1
48.527771
18.115942
false
0
0
0
29581
0
0
0
1
52.458040
16.770186
false
0
0
0
30207
0
0
0
1
47.015246
17.777778
false
0
0
0
30237
0
0
0
1
48.036632
18.571429
false
0
0
0
30356
0
0
0
1
47.387131
15.789474
false
0
0
0
30943
0
0
0
1
50.062279
16.949153
false
0
0
0
29705
0
0
0
1
50.180193
18.421053
false
0
0
0
28858
0
0
0
1
48.197521
16.883117
false
0
0
0
29931
0
0
0
1
50.278613
16.062176
false
0
0
0
29611
0
0
0
1
46.869935
17.355372
false
0
0
0
29616
0
0
0
1
49.655034
15.706806
false
0
0
0
29858
0
0
0
1
50.689746
17.164179
false
0
0
0
30446
0
0
0
1
50.536685
17.391304
false
0
0
0
29440
0
0
0
1
49.394370
17.500000
false
0
0
0
29556
0
0
0
1
48.788973
17.045455
false
0
0
0
30181
0
0
0
1
49.627831
16.049383
false
0
0
0
31303
0
0
0
1
47.017293
16.853933
false
0
0
0
29319
0
0
0
1
48.679510
16.230366
false
0
0
0
31352
0
0
0
1
50.350515
19.696970
false
0
0
0
29100
0
0
0
1
50.311532
18.750000
false
0
0
0
29371
0
0
0
1
48.890967
16.243655
false
0
0
0
31018
0
0
0
1
49.774441
16.546763
false
0
0
0
30369
0
0
0
1
50.243106
18.110236
false
0
0
0
28794
0
0
0
1
50.007914
15.841584
false
0
0
0
31591
0
0
0
1
50.946123
16.071429
false
0
0
0
29066
0
0
0
1
48.492015
17.877095
false
0
0
0
29178
0
0
0
1
49.137069
17.283951
false
0
0
0
30999
0
0
0
1
48.402101
16.666667
false
0
0
0
31604
0
0
0
1
48.689236
16.666667
false
0
0
0
30898
0
0
0
1
47.857599
17.391304
false
0
0
0
31320
0
0
0
1
48.804814
17.582418
false
0
0
0
30079
0
0
0
1
50.380413
18.947368
false
0
0
0
31939
0
0
0
1
49.126843
15.458937
false
0
0
0
30865
0
0
0
1
48.410072
16.463415
false
0
0
0
31731
0
0
0
1
51.768564
14.705882
false
0
0
0
29883
0
0
0
1
50.228837
19.672131
false
0
0
0
29497
0
0
0
1
49.590479
15.816327
false
0
0
0
31256
0
0
0
1
48.705560
18.333333
false
0
0
0
30631
0
0
0
1
49.406507
18.348624
false
0
0
0
28644
0
0
0
1
47.978772
18.750000
false
0
0
0
30526
0
0
0
1
48.825255
21.818182
false
0
0
0
30347
0
0
0
1
48.613033
18.085106
false
0
0
0
30354
0
0
0
1
47.214572
17.164179
false
0
0
0
30139
0
0
0
1
50.981098
17.475728
false
0
0
0
30578
0
0
0
1
50.111402
15.625000
false
0
0
0
30520
0
0
0
1
48.967859
17.557252
false
0
0
0
29744
0
0
0
1
50.084034
17.610063
false
0
0
0
29750
0
0
0
1
47.205527
20.779221
false
0
0
0
28950
0
0
0
1
51.191452
17.073171
false
0
0
0
29292
0
0
0
1
49.714128
16.304348
false
0
0
0
29034
0
0
0
1
49.050110
17.094017
false
0
0
0
29635
0
0
0
1
47.980188
19.117647
false
0
0
0
31092
0
0
0
1
48.702210
16.521739
false
0
0
0
28510
0
0
0
1
49.673860
17.948718
false
0
0
0
30815
0
0
0
1
47.421162
17.142857
false
0
0
0
31235
0
0
0
1
47.686408
17.441860
false
0
0
0
31034
0
0
0
1
51.720535
16.666667
false
0
0
0
29671
0
0
0
1
48.034906
15.217391
false
0
0
0
30940
0
0
0
1
50.920471
17.829457
false
0
0
0
29876
0
0
0
1
52.636670
16.666667
false
0
0
0
29981
0
0
0
1
48.646359
15.789474
false
0
0
0
30695
0
0
0
1
48.476318
15.853659
false
0
0
0
30551
0
0
0
1
49.384124
17.391304
false
0
0
0
30688
0
0
0
1
51.647924
18.750000
false
0
0
0
30857
0
0
0
1
47.501114
19.424460
false
0
0
0
31414
0
0
0
1
47.393989
18.181818
false
0
0
0
31907
0
0
0
1
46.456908
15.384615
false
0
0
0
29240
0
0
0
1
47.897558
18.674699
false
0
0
0
30964
0
0
0
1
47.761792
17.460317
false
0
0
0
29957
0
0
0
1
47.542437
15.757576
false
0
0
0
30457
0
0
0
1
49.657658
15.469613
false
0
0
0
30525
0
0
0
1
48.461411
16.577540
false
0
0
0
30255
0
0
0
1
47.979911
15.584416
false
0
0
0
31261
0
0
0
1
48.312690
16.190476
false
0
0
0
29307
0
0
0
1
51.291425
16.853933
false
0
0
0
29270
0
0
0
1
50.466987
17.721519
false
0
0
0
30836
0
0
0
1
49.619241
16.770186
false
0
0
0
29021
0
0
0
1
49.235690
16.800000
false
0
0
0
29700
0
0
0
1
48.982091
15.428571
false
0
0
0
30209
0
0
0
1
48.700115
16.666667
false
0
0
0
29618
0
0
0
1
48.980812
16.417910
false
0
0
0
31790
0
0
0
1
49.145875
16.216216
false
0
0
0
28216
0
0
0
1
47.312669
17.613636
false
0
0
0
30681
0
0
0
1
50.050968
16.574586
false
0
0
0
29430
0
0
0
1
48.557615
15.555556
false
0
0
0
31025
0
0
0
1
50.411793
16.666667
false
0
0
0
28898
0
0
0
1
46.411394
16.071429
false
0
0
0
32227
0
0
0
1
48.749335
16.666667
false
0
0
0
31943
0
0
0
1
49.571556
14.746544
false
0
0
0
31276
0
0
0
1
51.812467
16.666667
false
0
0
0
29904
0
0
0
1
51.171902
18.292683
false
0
0
0
29354
0
0
0
1
49.368629
18.548387
false
0
0
0
30410
0
0
0
1
49.003039
15.757576
false
0
0
0
29941
0
0
0
1
49.250445
15.909091
false
0
0
0
30885
0
0
0
1
48.512118
17.142857
false
0
0
0
29337
0
0
0
1
48.204768
16.831683
false
0
0
0
31333
0
0
0
1
47.768606
19.230769
false
0
0
0
31012
0
0
0
1
49.847382
16.062176
false
0
0
0
29813
0
0
0
1
50.588617
18.309859
false
0
0
0
30835
0
0
0
1
51.033872
14.965986
false
0
0
0
30468
0
0
0
1
47.652893
17.391304
false
0
0
0
30250
0
0
0
1
50.478267
15.625000
false
0
0
0
30736
0
0
0
1
49.712388
17.272727
false
0
0
0
29206
0
0
0
1
49.681529
16.666667
false
0
0
0
31243
0
0
0
1
50.622323
18.666667
false
0
0
0
29647
0
0
0
1
48.963739
16.666667
false
0
0
0
31025
0
0
0
1
49.219688
20.289855
false
0
0
0
29988
0
0
0
1
49.308409
16.800000
false
0
0
0
29208
0
0
0
1
48.730695
17.241379
false
0
0
0
30174
0
0
0
1
49.630538
16.666667
false
0
0
0
30179
0
0
0
1
47.364376
17.567568
false
0
0
0
31226
0
0
0
1
50.671175
17.045455
false
0
0
0
29575
0
0
0
1
50.194283
15.862069
false
0
0
0
30368
0
0
0
1
47.946231
15.454545
false
0
0
0
28046
0
0
0
1
46.113543
16.025641
false
0
0
0
31301
0
0
0
1
47.374725
17.241379
false
0
0
0
30892
0
0
0
1
47.005415
18.987342
false
0
0
0
30839
0
0
0
1
49.189490
16.176471
false
0
0
0
30598
0
0
0
1
49.277457
15.957447
false
0
0
0
29756
0
0
0
1
49.618768
17.567568
false
0
0
0
30690
0
0
0
1
50.754860
15.887850
false
0
0
0
29012
0
0
0
1
46.671131
15.841584
false
0
0
0
31362
0
0
0
1
48.514722
16.783217
false
0
0
0
30533
0
0
0
1
49.836119
18.699187
false
0
0
0
30510
0
0
0
1
51.325758
15.333333
false
0
0
0
30624
0
0
0
1
51.103017
15.238095
false
0
0
0
29102
0
0
0
1
50.421860
16.521739
false
0
0
0
28801
0
0
0
1
51.041565
16.363636
false
0
0
0
30675
0
0
0
1
49.170729
18.103448
false
0
0
0
30569
0
0
0
1
49.210076
17.021277
false
0
0
0
29813
0
0
0
1
49.594814
17.391304
false
0
0
0
30850
0
0
0
1
47.688370
17.757009
false
0
0
0
30087
0
0
0
1
49.021285
17.105263
false
0
0
0
29222
0
0
0
1
47.635621
15.736041
false
0
0
0
31319
0
0
0
1
51.496398
17.532468
false
0
0
0
29571
0
0
0
1
51.576280
17.261905
false
0
0
0
29595
0
0
0
1
47.763578
15.702479
false
0
0
0
28796
0
0
0
1
47.499918
17.708333
false
0
0
0
30339
0
0
0
1
48.066516
14.857143
false
0
0
0
30489
0
0
0
1
46.529629
17.283951
false
0
0
0
31135
0
0
0
1
47.608052
16.666667
false
0
0
0
30749
0
0
0
1
48.005323
18.390805
false
0
0
0
30807
0
0
0
1
48.013167
15.328467
false
0
0
0
29771
0
0
0
1
48.631479
15.121951
false
0
0
0
31640
0
0
0
1
51.691349
16.042781
false
0
0
0
30183
0
0
0
1
49.410763
17.197452
false
0
0
0
29360
0
0
0
1
50.062775
16.216216
false
0
0
0
31860
0
0
0
1
50.086557
16.483516
false
0
0
0
30038
0
0
0
1
50.418694
19.318182
false
0
0
0
30213
0
0
0
1
51.213265
14.375000
false
0
0
0
29672
0
0
0
1
48.288817
19.512195
false
0
0
0
31674
0
0
0
1
47.831907
16.551724
false
0
0
0
32125
0
0
0
1
50.044200
16.546763
false
0
0
0
29412
0
0
0
1
49.069501
16.260163
false
0
0
0
30575
0
0
0
1
49.023262
17.894737
false
0
0
0
30049
0
0
0
1
50.326841
15.104167
false
0
0
0
29678
0
0
0
1
47.458739
19.117647
false
0
0
0
30477
0
0
0
1
51.213945
16.455696
false
0
0
0
28914
0
0
0
1
48.070297
15.306122
false
0
0
0
31637
0
0
0
1
48.541653
15.533981
false
0
0
0
30994
0
0
0
1
49.874368
17.021277
false
0
0
0
29849
0
0
0
1
52.470906
15.343915
false
0
0
0
29645
0
0
0
1
46.863817
15.671642
false
0
0
0
30738
0
0
0
1
48.029757
16.000000
false
0
0
0
30783
0
0
0
1
51.099731
15.508021
false
0
0
0
30462
0
0
0
1
48.309057
16.939891
false
0
0
0
31787
0
0
0
1
49.681678
15.979381
false
0
0
0
29844
0
0
0
1
50.602081
16.129032
false
0
0
0
29315
0
0
0
1
50.771408
15.555556
false
0
0
0
28973
0
0
0
1
49.117250
16.393443
false
0
0
0
31889
0
0
0
1
47.370962
21.052632
false
0
0
0
31076
0
0
0
1
52.316571
17.592593
false
0
0
0
30843
0
0
0
1
49.040613
16.296296
false
0
0
0
29498
0
0
0
1
50.550083
17.391304
false
0
0
0
29541
0
0
0
1
49.326020
17.567568
false
0
0
0
27894
0
0
0
1
49.804933
17.021277
false
0
0
0
30246
0
0
0
1
51.349028
17.307692
false
0
0
0
30244
0
0
0
1
50.593848
17.500000
false
0
0
0
30395
0
0
0
1
47.225737
17.647059
false
0
0
0
31612
0
0
0
1
49.617724
16.949153
false
0
0
0
29429
0
0
0
1
49.297366
17.213115
false
0
0
0
30101
0
0
0
1
52.043836
16.666667
false
0
0
0
30751
0
0
0
1
49.329947
15.827338
false
0
0
0
29923
0
0
0
1
50.325914
17.721519
false
0
0
0
29609
0
0
0
1
49.778997
14.553991
false
0
0
0
30995
0
0
0
1
46.219753
16.666667
false
0
0
0
29879
0
0
0
1
47.633224
15.909091
false
0
0
0
30231
0
0
0
1
48.627679
17.441860
false
0
0
0
30933
0
0
0
1
48.666623
15.697674
false
0
0
0
30224
0
0
0
1
47.479727
16.666667
false
0
0
0
31445
0
0
0
1
46.741380
16.580311
false
0
0
0
31409
0
0
0
1
49.991477
17.687075
false
0
0
0
29333
0
0
0
1
49.716258
17.142857
false
0
0
0
30133
0
0
0
1
47.383466
19.230769
false
0
0
0
30785
0
0
0
1
47.630043
16.551724
false
0
0
0
30317
0
0
0
1
50.058285
17.543860
false
0
0
0
30025
0
0
0
1
46.545667
15.384615
false
0
0
0
30744
0
0
0
1
47.202529
15.568862
false
0
0
0
31314
0
0
0
1
48.717440
20.000000
false
0
0
0
30252
0
0
0
1
49.175518
16.167665
false
0
0
0
29655
0
0
0
1
50.391575
19.191919
false
0
0
0
30007
0
0
0
1
49.372131
17.266187
false
0
0
0
29624
0
0
0
1
46.415240
18.852459
false
0
0
0
31076
0
0
0
1
47.021381
15.577889
false
0
0
0
30635
0
0
0
1
49.974095
17.730496
false
0
0
0
30882
0
0
0
1
48.578223
17.318436
false
0
0
0
29435
0
0
0
1
49.102912
16.326531
false
0
0
0
30599
0
0
0
1
49.096886
17.117117
false
0
0
0
29509
0
0
0
1
50.647375
18.750000
false
0
0
0
29581
0
0
0
1
50.347518
18.918919
false
0
0
0
30502
0
0
0
1
50.287754
16.296296
false
0
0
0
31103
0
0
0
1
49.908855
15.609756
false
0
0
0
28526
0
0
0
1
49.882192
16.580311
false
0
0
0
29285
0
0
0
1
48.127007
18.562874
false
0
0
0
30833
0
0
0
1
48.541884
16.216216
false
0
0
0
30656
0
0
0
1
48.783815
16.788321
false
0
0
0
30053
0
0
0
1
49.892300
15.942029
false
0
0
0
31105
0
0
0
1
46.981240
15.757576
false
0
0
0
29797
0
0
0
1
50.212794
21.052632
false
0
0
0
30546
0
0
0
1
51.598158
18.072289
false
0
0
0
28877
0
0
0
1
47.889481
14.150943
false
0
0
0
30040
0
0
0
1
48.398221
20.000000
false
0
0
0
31028
0
0
0
1
47.568819
16.783217
false
0
0
0
31096
0
0
0
1
48.683037
16.384181
false
0
0
0
29158
0
0
0
1
46.818137
17.600000
false
0
0
0
30281
0
0
0
1
50.378600
17.391304
false
0
0
0
30243
0
0
0
1
48.777300
15.686275
false
0
0
0
31365
0
0
0
1
48.356078
17.222222
false
0
0
0
30263
0
0
0
1
49.072338
17.073171
false
0
0
0
30938
0
0
0
1
48.746844
15.463918
false
0
0
0
32478
0
0
0
1
47.068880
16.161616
false
0
0
0
30415
0
0
0
1
48.517328
16.000000
false
0
0
0
30789
0
0
0
1
47.080721
18.918919
false
0
0
0
30624
0
0
0
1
49.811774
16.494845
false
0
0
0
30814
0
0
0
1
48.284355
15.763547
false
0
0
0
29639
0
0
0
1
47.830705
15.500000
false
0
0
0
31070
0
0
0
1
47.805783
18.023256
false
0
0
0
29122
0
0
0
1
47.533527
16.666667
false
0
0
0
29678
0
0
0
1
49.758917
17.532468
false
0
0
0
29243
0
0
0
1
49.719690
18.085106
false
0
0
0
29075
0
0
0
1
48.495173
15.757576
false
0
0
0
29937
0
0
0
1
48.754963
15.862069
false
0
0
0
29718
0
0
0
1
50.804459
16.867470
false
0
0
0
31574
0
0
0
1
48.593170
16.666667
false
0
0
0
31276
0
0
0
1
48.601592
16.071429
false
0
0
0
30785
0
0
0
1
49.350993
16.580311
false
0
0
0
30200
0
0
0
1
49.795432
15.625000
false
0
0
0
31041
0
0
0
1
49.562512
16.058394
false
0
0
0
30858
0
0
0
1
47.308114
16.216216
false
0
0
0
30109
0
0
0
1
49.197569
16.793893
false
0
0
0
31093
0
0
0
1
48.041817
17.021277
false
0
0
0
31279
0
0
0
1
48.852395
15.789474
false
0
0
0
30629
0
0
0
1
50.205189
15.243902
false
0
0
0
29485
0
0
0
1
47.783668
14.516129
false
0
0
0
31877
0
0
0
1
47.607808
16.058394
false
0
0
0
31352
0
0
0
1
50.849243
20.689655
false
0
0
0
30380
0
0
0
1
52.595606
18.279570
false
0
0
0
29993
0
0
0
1
52.423964
18.181818
false
0
0
0
30446
0
0
0
1
49.589319
17.829457
false
0
0
0
28611
0
0
0
1
50.732703
18.421053
false
0
0
0
30367
0
0
0
1
49.216995
18.072289
false
0
0
0
32056
0
0
0
1
48.732491
16.216216
false
0
0
0
29270
0
0
0
1
52.784274
17.213115
false
0
0
0
29505
0
0
0
1
51.403793
16.964286
false
0
0
0
29634
0
0
0
1
49.915240
15.740741
false
0
0
0
30085
0
0
0
1
48.509337
16.831683
false
0
0
0
31060
0
0
0
1
48.193639
15.053763
false
0
0
0
30531
0
0
0
1
45.978299
16.842105
false
0
0
0
31243
0
0
0
1
49.498500
16.167665
false
0
0
0
31007
0
0
0
1
51.479965
17.721519
false
0
0
0
29798
0
0
0
1
50.777512
17.880795
false
0
0
0
30096
0
0
0
1
47.251371
16.528926
false
0
0
0
29542
0
0
0
1
49.457876
20.000000
false
0
0
0
29698
0
0
0
1
47.035696
15.789474
false
0
0
0
32048
0
0
0
1
50.501159
14.285714
false
0
0
0
30629
0
0
0
1
47.664630
16.535433
false
0
0
0
32072
0
0
0
1
48.936701
14.705882
false
0
0
0
32070
0
0
0
1
48.507359
18.947368
false
0
0
0
28674
0
0
0
1
48.859705
15.384615
false
0
0
0
31220
0
0
0
1
49.170951
15.037594
false
0
0
0
29371
0
0
0
1
48.758567
15.789474
false
0
0
0
30932
0
0
0
1
49.990258
17.204301
false
0
0
0
30796
0
0
0
1
50.110828
16.901408
false
0
0
0
29776
0
0
0
1
49.816791
19.469027
false
0
0
0
31112
0
0
0
1
49.479150
16.049383
false
0
0
0
30815
0
0
0
1
48.749482
16.528926
false
0
0
0
28948
0
0
0
1
48.341612
20.238095
false
0
0
0
31205
0
0
0
1
46.953181
15.172414
false
0
0
0
30458
0
0
0
1
47.713486
16.326531
false
0
0
0
30002
0
0
0
1
49.752662
17.105263
false
0
0
0
30525
0
0
0
1
49.191221
17.647059
false
0
0
0
29798
0
0
0
1
47.185082
18.181818
false
0
0
0
30889
0
0
0
1
50.059843
16.867470
false
0
0
0
29243
0
0
0
1
48.523340
16.384181
false
0
0
0
31727
0
0
0
1
50.188859
14.814815
false
0
0
0
29387
0
0
0
1
51.863868
16.455696
false
0
0
0
31440
0
0
0
1
49.102460
18.000000
false
0
0
0
30695
0
0
0
1
50.157812
16.923077
false
0
0
0
30416
0
0
0
1
48.299767
17.322835
false
0
0
0
30437
0
0
0
1
49.481050
17.105263
false
0
0
0
29868
0
0
0
1
50.252935
14.210526
false
0
0
0
30838
0
0
0
1
50.929944
19.696970
false
0
0
0
29034
0
0
0
1
48.242011
18.681319
false
0
0
0
29949
0
0
0
1
48.046614
16.315789
false
0
0
0
31407
0
0
0
1
48.676090
17.213115
false
0
0
0
30138
0
0
0
1
48.718858
19.718310
false
0
0
0
31027
0
0
0
1
49.840759
15.827338
false
0
0
0
29829
0
0
0
1
48.197578
17.449664
false
0
0
0
29072
0
0
0
1
48.103640
17.692308
false
0
0
0
31455
0
0
0
1
51.028668
16.822430
false
0
0
0
29650
0
0
0
1
48.343093
17.977528
false
0
0
0
30056
0
0
0
1
48.935969
15.384615
false
0
0
0
31672
0
0
0
1
49.215076
17.142857
false
0
0
0
31468
0
0
0
1
48.358716
17.532468
false
0
0
0
30007
0
0
0
1
50.504778
14.503817
false
0
0
0
29617
0
0
0
1
46.920500
16.793893
false
0
0
0
30151
0
0
0
1
50.968531
16.949153
false
0
0
0
31078
0
0
0
1
50.193152
20.833333
false
0
0
0
30287
0
0
0
1
48.437970
18.333333
false
0
0
0
29929
0
0
0
1
47.092550
19.736842
false
0
0
0
29476
0
0
0
1
50.194010
17.391304
false
0
0
0
29380
0
0
0
1
47.312595
14.583333
false
0
0
0
30829
0
0
0
1
49.374353
17.796610
false
0
0
0
29969
0
0
0
1
49.713273
18.095238
false
0
0
0
31040
0
0
0
1
51.167957
19.402985
false
0
0
0
29710
0
0
0
1
49.427125
16.666667
false
0
0
0
30024
0
0
0
1
48.142384
17.142857
false
0
0
0
30200
0
0
0
1
48.354938
16.513761
false
0
0
0
30394
0
0
0
1
50.317580
17.582418
false
0
0
0
29284
0
0
0
1
50.413055
16.666667
false
0
0
0
29536
0
0
0
1
48.966614
16.949153
false
0
0
0
30192
0
0
0
1
49.117790
16.666667
false
0
0
0
30775
0
0
0
1
50.095564
15.730337
false
0
0
0
29823
0
0
0
1
49.354234
16.814159
false
0
0
0
30429
0
0
0
1
49.589883
18.461538
false
0
0
0
30601
0
0
0
1
48.630252
17.500000
false
0
0
0
29823
0
0
0
1
46.425022
17.857143
false
0
0
0
30182
0
0
0
1
47.796024
16.793893
false
0
0
0
30082
0
0
0
1
47.168900
17.218543
false
0
0
0
31048
0
0
0
1
49.699559
15.454545
false
0
0
0
28791
0
0
0
1
52.216569
17.283951
false
0
0
0
30069
0
0
0
1
47.331963
15.384615
false
0
0
0
30172
0
0
0
1
50.081912
16.243655
false
0
0
0
31131
0
0
0
1
50.735794
15.652174
false
0
0
0
30919
0
0
0
1
49.506092
17.948718
false
0
0
0
30370
0
0
0
1
47.367911
15.760870
false
0
0
0
30983
0
0
0
1
49.739715
16.190476
false
0
0
0
29775
0
0
0
1
48.188013
14.795918
false
0
0
0
28615
0
0
0
1
48.519915
17.419355
false
0
0
0
30505
0
0
0
1
48.962697
16.883117
false
0
0
0
30078
0
0
0
1
49.902031
17.000000
false
0
0
0
30622
0
0
0
1
47.741507
18.750000
false
0
0
0
28581
0
0
0
1
47.795466
15.723270
false
0
0
0
31095
0
0
0
1
49.098835
16.216216
false
0
0
0
30738
0
0
0
1
47.419441
17.647059
false
0
0
0
29916
0
0
0
1
49.748061
16.964286
false
0
0
0
30166
0
0
0
1
47.524221
15.463918
false
0
0
0
31687
0
0
0
1
47.912678
15.897436
false
0
0
0
29775
0
0
0
1
47.469740
16.883117
false
0
0
0
31064
0
0
0
1
48.355032
15.789474
false
0
0
0
29879
0
0
0
1
48.545141
18.320611
false
0
0
0
30759
0
0
0
1
48.711790
16.883117
false
0
0
0
30391
0
0
0
1
49.199324
16.783217
false
0
0
0
29600
0
0
0
1
47.872480
17.045455
false
0
0
0
30458
0
0
0
1
46.887831
19.047619
false
0
0
0
30445
0
0
0
1
50.229287
15.584416
false
0
0
0
29003
0
0
0
1
47.891468
15.425532
false
0
0
0
30590
0
0
0
1
49.224050
19.718310
false
0
0
0
30221
0
0
0
1
49.804785
16.842105
false
0
0
0
29967
0
0
0
1
48.049045
15.972222
false
0
0
0
29524
0
0
0
1
48.991780
16.161616
false
0
0
0
29805
0
0
0
1
49.912783
15.822785
false
0
0
0
28664
0
0
0
1
47.679673
15.929204
false
0
0
0
30319
0
0
0
1
47.730483
16.923077
false
0
0
0
31152
0
0
0
1
46.887927
16.847826
false
0
0
0
31426
0
0
0
1
45.676623
16.428571
false
0
0
0
29965
0
0
0
1
49.797599
16.197183
false
0
0
0
29150
0
0
0
1
51.836222
16.091954
false
0
0
0
28673
0
0
0
1
49.800412
17.037037
false
0
0
0
30062
0
0
0
1
47.908005
17.741935
false
0
0
0
30306
0
0
0
1
48.914616
17.021277
false
0
0
0
29713
0
0
0
1
49.278044
16.546763
false
0
0
0
30265
0
0
0
1
48.568690
15.384615
false
0
0
0
31300
0
0
0
1
48.823568
16.184971
false
0
0
0
30346
0
0
0
1
48.138307
15.178571
false
0
0
0
29355
0
0
0
1
48.678523
16.374269
false
0
0
0
30307
0
0
0
1
50.090481
18.709677
false
0
0
0
30393
0
0
0
1
47.656503
17.391304
false
0
0
0
30894
0
0
0
1
50.998244
17.333333
false
0
0
0
30754
0
0
0
1
48.480294
16.363636
false
0
0
0
29940
0
0
0
1
47.972759
17.355372
false
0
0
0
31570
0
0
0
1
49.541942
15.228426
false
0
0
0
30673
0
0
0
1
47.484093
16.666667
false
0
0
0
29075
0
0
0
1
50.347493
17.857143
false
0
0
0
29497
0
0
0
1
48.795986
16.756757
false
0
0
0
30689
0
0
0
1
48.701835
16.037736
false
0
0
0
31506
0
0
0
1
49.521244
15.172414
false
0
0
0
30809
0
0
0
1
46.006215
15.196078
false
0
0
0
29283
0
0
0
1
48.639575
15.384615
false
0
0
0
31277
0
0
0
1
47.274022
20.634921
false
0
0
0
30888
0
0
0
1
48.094127
16.964286
false
0
0
0
30852
0
0
0
1
47.636701
18.181818
false
0
0
0
30212
0
0
0
1
50.762070
18.000000
false
0
0
0
30509
0
0
0
1
49.737379
16.831683
false
0
0
0
29891
0
0
0
1
51.564364
16.339869
false
0
0
0
30172
0
0
0
1
49.738591
18.750000
false
0
0
0
29647
0
0
0
1
48.920052
17.777778
false
0
0
0
31020
0
0
0
1
46.923731
16.304348
false
0
0
0
31743
0
0
0
1
48.207495
16.556291
false
0
0
0
30767
0
0
0
1
50.177226
16.666667
false
0
0
0
29059
0
0
0
1
46.882355
17.721519
false
0
0
0
30167
0
0
0
1
51.151964
17.272727
false
0
0
0
29428
0
0
0
1
47.694442
14.893617
false
0
0
0
29559
0
0
0
1
48.926792
16.556291
false
0
0
0
31308
0
0
0
1
48.320620
14.545455
false
0
0
0
31202
0
0
0
1
48.193032
18.072289
false
0
0
0
32264
0
0
0
1
49.761157
16.304348
false
0
0
0
29308
0
0
0
1
48.267230
16.949153
false
0
0
0
30760
0
0
0
1
51.149951
16.410256
false
0
0
0
30610
0
0
0
1
49.657112
16.666667
false
0
0
0
29164
0
0
0
1
49.510870
18.279570
false
0
0
0
31280
0
0
0
1
47.812651
16.753927
false
0
0
0
31065
0
0
0
1
46.655028
16.339869
false
0
0
0
30359
0
0
0
1
49.473820
17.605634
false
0
0
0
30978
0
0
0
1
51.011259
16.883117
false
0
0
0
29221
0
0
0
1
49.236834
18.253968
false
0
0
0
29679
0
0
0
1
49.481812
16.666667
false
0
0
0
29140
0
0
0
1
48.726527
14.553991
false
0
0
0
31685
0
0
0
1
47.603702
16.551724
false
0
0
0
29170
0
0
0
1
49.817926
17.543860
false
0
0
0
31306
0
0
0
1
50.733371
21.428571
false
0
0
0
30203
0
0
0
1
48.523150
17.006803
false
0
0
0
29590
0
0
0
1
46.622240
16.374269
false
0
0
0
31663
0
0
0
1
50.104882
18.260870
false
0
0
0
31464
0
0
0
1
49.065165
17.924528
false
0
0
0
29310
0
0
0
1
49.283686
17.021277
false
0
0
0
30643
0
0
0
1
50.422516
15.822785
false
0
0
0
30058
0
0
0
1
50.161162
20.312500
false
0
0
0
28853
0
0
0
1
46.877804
16.216216
false
0
0
0
30091
0
0
0
1
50.529261
16.438356
false
0
0
0
29664
0
0
0
1
48.529225
16.363636
false
0
0
0
31480
0
0
0
1
51.895633
16.935484
false
0
0
0
30201
0
0
0
1
52.326468
16.788321
false
0
0
0
30153
0
0
0
1
47.742063
18.947368
false
0
0
0
30426
0
0
0
1
47.003834
18.064516
false
0
0
0
31557
0
0
0
1
48.597563
16.470588
false
0
0
0
31267
0
0
0
1
48.508827
14.622642
false
0
0
0
31720
0
0
0
1
47.268880
16.477273
false
0
0
0
30244
0
0
0
1
50.707097
17.391304
false
0
0
0
30406
0
0
0
1
47.640089
16.783217
false
0
0
0
30552
0
0
0
1
50.899478
14.814815
false
0
0
0
30073
0
0
0
1
46.916037
17.391304
false
0
0
0
30156
0
0
0
1
47.538200
17.391304
false
0
0
0
32395
0
0
0
1
49.937157
18.518519
false
0
0
0
30234
0
0
0
1
48.603388
14.673913
false
0
0
0
30932
0
0
0
1
48.852558
17.088608
false
0
0
0
29849
0
0
0
1
49.506916
17.105263
false
0
0
0
31232
0
0
0
1
51.363715
16.528926
false
0
0
0
29075
0
0
0
1
50.914917
17.283951
false
0
0
0
31205
0
0
0
1
49.721044
17.460317
false
0
0
0
29933
0
0
0
1
48.973207
15.789474
false
0
0
0
30045
0
0
0
1
46.198122
16.666667
false
0
0
0
29709
0
0
0
1
49.368799
17.582418
false
0
0
0
30339
0
0
0
1
50.458621
14.917127
false
0
0
0
29000
0
0
0
1
48.915129
17.948718
false
0
0
0
30234
0
0
0
1
46.508761
16.666667
false
0
0
0
30820
0
0
0
1
48.505946
18.181818
false
0
0
0
30019
0
0
0
1
50.024029
16.296296
false
0
0
0
29132
0
0
0
1
49.880040
16.666667
false
0
0
0
30010
0
0
0
1
49.259716
15.662651
false
0
0
0
29178
0
0
0
1
51.158308
17.322835
false
0
0
0
29569
0
0
0
1
47.902919
15.662651
false
0
0
0
31520
0
0
0
1
50.044541
17.600000
false
0
0
0
31432
0
0
0
1
48.308341
16.428571
false
0
0
0
29409
0
0
0
1
46.662855
16.477273
false
0
0
0
31479
0
0
0
1
50.615284
17.699115
false
0
0
0
29011
0
0
0
1
46.320015
15.625000
false
0
0
0
31386
0
0
0
1
48.320628
17.021277
false
0
0
0
30041
0
0
0
1
51.201615
16.417910
false
0
0
0
31208
0
0
0
1
49.123836
20.000000
false
0
0
0
30702
0
0
0
1
46.905515
16.666667
false
0
0
0
28777
0
0
0
1
49.159650
16.000000
false
0
0
0
29809
0
0
0
1
50.329724
17.222222
false
0
0
0
28812
0
0
0
1
49.141360
15.428571
false
0
0
0
30921
0
0
0
1
47.525035
15.827338
false
0
0
0
31556
0
0
0
1
47.558917
17.924528
false
0
0
0
30806
0
0
0
1
47.949788
17.514124
false
0
0
0
30192
0
0
0
1
49.051579
19.266055
false
0
0
0
30788
0
0
0
1
48.223114
21.311475
false
0
0
0
32163
0
0
0
1
50.056453
15.151515
false
0
0
0
30999
0
0
0
1
47.391501
16.363636
false
0
0
0
31014
0
0
0
1
47.598958
18.604651
false
0
0
0
32236
0
0
0
1
51.315529
14.851485
false
0
0
0
30254
0
0
0
1
46.901511
17.261905
false
0
0
0
30176
0
0
0
1
50.046589
16.814159
false
0
0
0
30050
0
0
0
1
46.796215
15.736041
false
0
0
0
29590
0
0
0
1
51.017170
16.788321
false
0
0
0
31509
0
0
0
1
51.531032
15.897436
false
0
0
0
29196
0
0
0
1
49.722261
15.294118
false
0
0
0
28804
0
0
0
1
49.939369
17.708333
false
0
0
0
29688
0
0
0
1
47.734343
15.436242
false
0
0
0
29572
0
0
0
1
48.321824
14.166667
false
0
0
0
31135
0
0
0
1
47.988775
16.455696
false
0
0
0
31001
0
0
0
1
50.668432
17.293233
false
0
0
0
30968
0
0
0
1
50.017780
17.073171
false
0
0
0
30933
0
0
0
1
50.914438
15.533981
false
0
0
0
29581
0
0
0
1
48.917301
16.025641
false
0
0
0
30895
0
0
0
1
48.078626
20.000000
false
0
0
0
29354
0
0
0
1
46.978743
15.384615
false
0
0
0
30484
0
0
0
1
48.160788
18.713450
false
0
0
0
30475
0
0
0
1
48.375828
15.887850
false
0
0
0
30631
0
0
0
1
47.743824
14.473684
false
0
0
0
29386
0
0
0
1
50.455312
18.461538
false
0
0
0
29650
0
0
0
1
46.517928
16.556291
false
0
0
0
31375
0
0
0
1
48.173748
16.167665
false
0
0
0
29514
0
0
0
1
52.443893
15.942029
false
0
0
0
29809
0
0
0
1
49.509737
15.646259
false
0
0
0
29372
0
0
0
1
47.617825
17.910448
false
0
0
0
31148
0
0
0
1
48.310615
17.977528
false
0
0
0
29271
0
0
0
1
48.634080
17.647059
false
0
0
0
30053
0
0
0
1
49.054006
18.750000
false
0
0
0
28330
0
0
0
1
48.741215
15.000000
false
0
0
0
30307
0
0
0
1
49.417676
15.740741
false
0
0
0
30052
0
0
0
1
46.000656
18.055556
false
0
0
0
30480
0
0
0
1
48.422692
17.441860
false
0
0
0
30812
0
0
0
1
49.842468
17.647059
false
0
0
0
28883
0
0
0
1
51.943487
16.756757
false
0
0
0
29869
0
0
0
1
50.196958
16.216216
false
0
0
0
31225
0
0
0
1
48.353779
15.178571
false
0
0
0
31466
0
0
0
1
48.815678
17.241379
false
0
0
0
29595
0
0
0
1
50.584088
16.666667
false
0
0
0
28934
0
0
0
1
48.438591
17.721519
false
0
0
0
30069
0
0
0
1
52.331946
15.533981
false
0
0
0
30511
0
0
0
1
51.010784
16.279070
false
0
0
0
28839
0
0
0
1
48.465939
15.625000
false
0
0
0
30768
0
0
0
1
50.410968
16.923077
false
0
0
0
29686
0
0
0
1
48.573667
14.556962
false
0
0
0
30638
0
0
0
1
47.970397
14.500000
false
0
0
0
31213
0
0
0
1
49.414411
14.795918
false
0
0
0
30226
0
0
0
1
49.439158
15.584416
false
0
0
0
30579
0
0
0
1
48.015833
16.666667
false
0
0
0
30063
0
0
0
1
50.382142
18.487395
false
0
0
0
29701
0
0
0
1
47.002842
18.292683
false
0
0
0
31313
0
0
0
1
50.256674
19.230769
false
0
0
0
31168
0
0
0
1
49.369445
16.483516
false
0
0
0
31163
0
0
0
1
47.034110
20.967742
false
0
0
0
29991
0
0
0
1
49.904289
17.006803
false
0
0
0
29777
0
0
0
1
48.621410
20.689655
false
0
0
0
29668
0
0
0
1
49.722872
17.204301
false
0
0
0
31213
0
0
0
1
49.515055
18.269231
false
0
0
0
29591
0
0
0
1
49.537863
15.920398
false
0
0
0
30835
0
0
0
1
51.406250
16.393443
false
0
0
0
30720
0
0
0
1
49.797423
18.947368
false
0
0
0
30112
0
0
0
1
48.627651
16.153846
false
0
0
0
29475
0
0
0
1
46.829160
16.521739
false
0
0
0
31427
0
0
0
1
49.878511
15.853659
false
0
0
0
30867
0
0
0
1
50.914814
21.428571
false
0
0
0
30498
0
0
0
1
49.406940
17.910448
false
0
0
0
31700
0
0
0
1
46.912297
20.000000
false
0
0
0
31755
0
0
0
1
48.385240
16.931217
false
0
0
0
29540
0
0
0
1
50.816086
16.981132
false
0
0
0
29715
0
0
0
1
49.823604
19.166667
false
0
0
0
30046
0
0
0
1
51.567909
16.030534
false
0
0
0
29466
0
0
0
1
51.198563
18.518519
false
0
0
0
30620
0
0
0
1
47.488702
17.525773
false
0
0
0
31199
0
0
0
1
49.712201
15.789474
false
0
0
0
29882
0
0
0
1
47.241228
15.862069
false
0
0
0
31862
0
0
0
1
47.763568
15.606936
false
0
0
0
30182
0
0
0
1
49.054020
16.216216
false
0
0
0
31396
0
0
0
1
47.236410
16.577540
false
0
0
0
30739
0
0
0
1
47.952541
17.171717
false
0
0
0
31185
0
0
0
1
48.797687
16.981132
false
0
0
0
31481
0
0
0
1
48.246148
17.557252
false
0
0
0
31217
0
0
0
1
48.220952
21.621622
false
0
0
0
30269
0
0
0
1
49.695218
16.756757
false
0
0
0
31826
0
0
0
1
49.745690
16.494845
false
0
0
0
29295
0
0
0
1
52.542260
22.413793
false
0
0
0
29934
0
0
0
1
50.104904
18.032787
false
0
0
0
30504
0
0
0
1
48.759774
16.541353
false
0
0
0
29672
0
0
0
1
49.649871
19.354839
false
0
0
0
30703
0
0
0
1
50.842116
17.518248
false
0
0
0
30459
0
0
0
1
47.624431
15.204678
false
0
0
0
31845
0
0
0
1
50.274734
19.672131
false
0
0
0
31121
0
0
0
1
50.134215
17.105263
false
0
0
0
30548
0
0
0
1
49.811718
17.333333
false
0
0
0
31336
0
0
0
1
48.562331
16.571429
false
0
0
0
31092
0
0
0
1
51.092389
15.833333
false
0
0
0
31216
0
0
0
1
48.761071
18.691589
false
0
0
0
29017
0
0
0
1
50.145235
17.821782
false
0
0
0
29263
0
0
0
1
50.225781
16.265060
false
0
0
0
28346
0
0
0
1
47.804270
16.190476
false
0
0
0
31288
0
0
0
1
49.901123
16.129032
false
0
0
0
29835
0
0
0
1
48.160535
18.000000
false
0
0
0
29003
0
0
0
1
49.754152
16.666667
false
0
0
0
29083
0
0
0
1
48.901420
17.272727
false
0
0
0
29083
0
0
0
1
46.721044
17.931034
false
0
0
0
30650
0
0
0
1
49.030507
17.204301
false
0
0
0
30944
0
0
0
1
47.504570
15.204678
false
0
0
0
32279
0
0
0
1
46.897398
16.483516
false
0
0
0
30136
0
0
0
1
48.726874
15.957447
false
0
0
0
31026
0
0
0
1
50.426527
14.857143
false
0
0
0
29072
0
0
0
1
49.433428
16.853933
false
0
0
0
30358
0
0
0
1
48.072860
16.666667
false
0
0
0
31238
0
0
0
1
48.351648
19.117647
false
0
0
0
30940
0
0
0
1
50.051157
20.289855
false
0
0
0
30299
0
0
0
1
48.626034
18.571429
false
0
0
0
30714
0
0
0
1
46.815040
16.326531
false
0
0
0
30958
0
0
0
1
50.850127
17.391304
false
0
0
0
31113
0
0
0
1
50.624033
17.924528
false
0
0
0
29085
0
0
0
1
47.827593
16.250000
false
0
0
0
31762
0
0
0
1
47.675343
17.777778
false
0
0
0
28929
0
0
0
1
47.307008
16.753927
false
0
0
0
30338
0
0
0
1
48.667226
16.666667
false
0
0
0
30988
0
0
0
1
49.653417
16.463415
false
0
0
0
29863
0
0
0
1
49.057853
17.431193
false
0
0
0
30197
0
0
0
1
50.411936
18.691589
false
0
0
0
30830
0
0
0
1
50.109594
16.666667
false
0
0
0
29655
0
0
0
1
51.470115
17.557252
false
0
0
0
31086
0
0
0
1
48.115385
17.322835
false
0
0
0
31200
0
0
0
1
48.333106
17.391304
false
0
0
0
29276
0
0
0
1
50.877193
15.384615
false
0
0
0
29697
0
0
0
1
51.796255
15.686275
false
0
0
0
31510
0
0
0
1
49.221204
16.363636
false
0
0
0
31202
0
0
0
1
52.652968
17.796610
false
0
0
0
30513
0
0
0
1
49.254224
16.935484
false
0
0
0
30304
0
0
0
1
49.691680
17.500000
false
0
0
0
29677
0
0
0
1
50.716809
15.441176
false
0
0
0
29436
0
0
0
1
47.915004
15.189873
false
0
0
0
30072
0
0
0
1
48.642235
14.189189
false
0
0
0
29497
0
0
0
1
48.422912
16.363636
false
0
0
0
31704
0
0
0
1
49.441279
16.666667
false
0
0
0
31769
0
0
0
1
48.230234
15.862069
false
0
0
0
30456
0
0
0
1
49.294945
21.875000
false
0
0
0
30565
0
0
0
1
51.810750
16.528926
false
0
0
0
30457
0
0
0
1
47.157815
17.341040
false
0
0
0
31613
0
0
0
1
47.154141
15.606936
false
0
0
0
29499
0
0
0
1
46.881321
18.750000
false
0
0
0
30654
0
0
0
1
48.664759
17.346939
false
0
0
0
29358
0
0
0
1
48.826516
15.753425
false
0
0
0
31317
0
0
0
1
47.267777
15.625000
false
0
0
0
30854
0
0
0
1
47.085626
17.171717
false
0
0
0
29629
0
0
0
1
49.757948
15.702479
false
0
0
0
30572
0
0
0
1
50.094219
17.159763
false
0
0
0
29718
0
0
0
1
48.794780
17.777778
false
0
0
0
30036
0
0
0
1
49.688565
15.384615
false
0
0
0
29059
0
0
0
1
46.602818
18.666667
false
0
0
0
31011
0
0
0
1
49.018909
16.666667
false
0
0
0
30884
0
0
0
1
50.837458
17.948718
false
0
0
0
30509
0
0
0
1
50.519573
18.181818
false
0
0
0
29351
0
0
0
1
48.945078
16.071429
false
0
0
0
30334
0
0
0
1
51.855769
18.103448
false
0
0
0
29314
0
0
0
1
50.502572
16.216216
false
0
0
0
29349
0
0
0
1
48.215149
17.910448
false
0
0
0
31011
0
0
0
1
48.418372
14.572864
false
0
0
0
30633
0
0
0
1
47.534987
17.127072
false
0
0
0
31440
0
0
0
1
48.653407
16.339869
false
0
0
0
30670
0
0
0
1
48.901151
14.285714
false
0
0
0
31351
0
0
0
1
46.068324
16.759777
false
0
0
0
29682
0
0
0
1
49.737742
17.931034
false
0
0
0
29551
0
0
0
1
47.691019
15.555556
false
0
0
0
31031
0
0
0
1
48.045004
16.770186
false
0
0
0
30486
0
0
0
1
46.159731
17.117117
false
0
0
0
30063
0
0
0
1
46.426591
16.778523
false
0
0
0
30657
0
0
0
1
48.560987
17.361111
false
0
0
0
30646
0
0
0
1
50.790479
16.666667
false
0
0
0
28527
0
0
0
1
49.336268
15.966387
false
0
0
0
29530
0
0
0
1
49.026181
17.647059
false
0
0
0
29831
0
0
0
1
47.174982
15.555556
false
0
0
0
28460
0
0
0
1
48.296282
16.161616
false
0
0
0
30903
0
0
0
1
49.500238
16.853933
false
0
0
0
29414
0
0
0
1
49.356465
15.028902
false
0
0
0
31933
0
0
0
1
48.632977
16.571429
false
0
0
0
30870
0
0
0
1
46.753164
16.201117
false
0
0
0
31523
0
0
0
1
46.312835
16.455696
false
0
0
0
31352
0
0
0
1
47.254437
16.901408
false
0
0
0
31214
0
0
0
1
51.108878
19.047619
false
0
0
0
30842
0
0
0
1
49.091385
15.384615
false
0
0
0
30541
0
0
0
1
51.065598
16.666667
false
0
0
0
30077
0
0
0
1
45.939145
18.055556
false
0
0
0
30203
0
0
0
1
49.127108
21.621622
false
0
0
0
30187
0
0
0
1
49.198592
20.000000
false
0
0
0
29261
0
0
0
1
48.772976
17.777778
false
0
0
0
30521
0
0
0
1
48.079956
16.891892
false
0
0
0
31067
0
0
0
1
45.380129
15.463918
false
0
0
0
29319
0
0
0
1
50.287278
15.789474
false
0
0
0
29240
0
0
0
1
47.448249
17.105263
false
0
0
0
30724
0
0
0
1
50.350572
15.625000
false
0
0
0
31092
0
0
0
1
48.586086
18.260870
false
0
0
0
31968
0
0
0
1
47.435164
16.494845
false
0
0
0
31464
0
0
0
1
51.584948
18.461538
false
0
0
0
30348
0
0
0
1
46.195704
22.222222
false
0
0
0
31609
0
0
0
1
50.550254
19.078947
false
0
0
0
30077
0
0
0
1
51.143719
19.318182
false
0
0
0
31826
0
0
0
1
49.166308
15.121951
false
0
0
0
30167
0
0
0
1
49.817488
18.421053
false
0
0
0
29861
0
0
0
1
51.284601
16.778523
false
0
0
0
30165
0
0
0
1
49.407050
18.367347
false
0
0
0
30441
0
0
0
1
50.132094
16.793893
false
0
0
0
29903
0
0
0
1
46.048133
16.071429
false
0
0
0
30125
0
0
0
1
49.028370
16.393443
false
0
0
0
29538
0
0
0
1
51.045639
17.500000
false
0
0
0
31464
0
0
0
1
52.921688
15.508021
false
0
0
0
30787
0
0
0
1
49.147104
15.286624
false
0
0
0
29605
0
0
0
1
50.404655
16.000000
false
0
0
0
29902
0
0
0
1
50.855023
17.708333
false
0
0
0
30467
0
0
0
1
48.776541
15.384615
false
0
0
0
30896
0
0
0
1
50.914634
16.901408
false
0
0
0
30504
0
0
0
1
46.793673
15.254237
false
0
0
0
31547
0
0
0
1
48.614385
16.197183
false
0
0
0
31394
0
0
0
1
46.164304
19.718310
false
0
0
0
30894
0
0
0
1
47.982163
16.091954
false
0
0
0
31172
0
0
0
1
50.034691
21.052632
false
0
0
0
28826
0
0
0
1
51.485017
15.789474
false
0
0
0
30067
0
0
0
1
47.724330
16.379310
false
0
0
0
30892
0
0
0
1
50.306164
17.391304
false
0
0
0
29396
0
0
0
1
48.134118
16.091954
false
0
0
0
30093
0
0
0
1
51.416201
20.224719
false
0
0
0
30257
0
0
0
1
48.127930
16.666667
false
0
0
0
29860
0
0
0
1
51.541513
15.178571
false
0
0
0
30003
0
0
0
1
49.361184
20.212766
false
0
0
0
29586
0
0
0
1
47.432442
16.216216
false
0
0
0
29678
0
0
0
1
48.934981
16.494845
false
0
0
0
30422
0
0
0
1
50.096824
16.546763
false
0
0
0
29435
0
0
0
1
51.124175
16.455696
false
0
0
0
29088
0
0
0
1
49.211119
16.058394
false
0
0
0
27951
0
0
0
1
48.258239
15.686275
false
0
0
0
28764
0
0
0
1
49.391352
16.867470
false
0
0
0
29163
0
0
0
1
47.534811
16.766467
false
0
0
0
30809
0
0
0
1
49.335607
16.406250
false
0
0
0
31081
0
0
0
1
46.287386
20.338983
false
0
0
0
30760
0
0
0
1
47.822915
18.987342
false
0
0
0
30155
0
0
0
1
48.068852
16.666667
false
0
0
0
30500
0
0
0
1
49.725393
17.567568
false
0
0
0
32410
0
0
0
1
48.245730
16.265060
false
0
0
0
30326
0
0
0
1
48.553699
16.296296
false
0
0
0
30457
0
0
0
1
47.627468
18.181818
false
0
0
0
30537
0
0
0
1
49.090205
16.470588
false
0
0
0
30996
0
0
0
1
51.691840
19.191919
false
0
0
0
28933
0
0
0
1
50.173488
17.318436
false
0
0
0
29685
0
0
0
1
51.054996
16.831683
false
0
0
0
29384
0
0
0
1
50.906101
17.391304
false
0
0
0
28584
0
0
0
1
46.828198
15.476190
false
0
0
0
31449
0
0
0
1
50.523569
15.204678
false
0
0
0
28745
0
0
0
1
51.253015
17.699115
false
0
0
0
28611
0
0
0
1
50.515153
15.544041
false
0
0
0
29797
0
0
0
1
48.080480
17.582418
false
0
0
0
31362
0
0
0
1
47.555809
16.513761
false
0
0
0
31626
0
0
0
1
50.801213
16.666667
false
0
0
0
30017
0
0
0
1
50.683383
16.981132
false
0
0
0
30071
0
0
0
1
49.892407
16.101695
false
0
0
0
29277
0
0
0
1
48.991384
16.783217
false
0
0
0
29595
0
0
0
1
50.455634
14.814815
false
0
0
0
30068
0
0
0
1
51.818801
17.261905
false
0
0
0
29360
0
0
0
1
51.067225
18.478261
false
0
0
0
30078
0
0
0
1
49.954371
17.346939
false
0
0
0
30682
0
0
0
1
50.693267
21.428571
false
0
0
0
30075
0
0
0
1
49.698090
16.666667
false
0
0
0
30307
0
0
0
1
49.596041
20.289855
false
0
0
0
29706
0
0
0
1
49.253392
16.666667
false
0
0
0
30806
0
0
0
1
51.536012
18.292683
false
0
0
0
29199
0
0
0
1
48.784190
15.979381
false
0
0
0
30967
0
0
0
1
48.017707
17.741935
false
0
0
0
30949
0
0
0
1
47.699592
17.272727
false
0
0
0
30625
0
0
0
1
49.578282
15.533981
false
0
0
0
29285
0
0
0
1
49.191663
17.647059
false
0
0
0
30371
0
0
0
1
51.338216
17.307692
false
0
0
0
29629
0
0
0
1
48.692656
18.181818
false
0
0
0
29602
0
0
0
1
48.544219
16.129032
false
0
0
0
31186
0
0
0
1
51.135510
21.311475
false
0
0
0
30603
0
0
0
1
50.484226
16.042781
false
0
0
0
30461
0
0
0
1
48.517935
16.438356
false
0
0
0
29857
0
0
0
1
48.606040
15.763547
false
0
0
0
29305
0
0
0
1
49.444978
18.269231
false
0
0
0
30179
0
0
0
1
48.932219
18.235294
false
0
0
0
30156
0
0
0
1
49.405778
17.272727
false
0
0
0
30460
0
0
0
1
47.404652
16.030534
false
0
0
0
30651
0
0
0
1
47.360512
16.666667
false
0
0
0
31275
0
0
0
1
47.932707
15.625000
false
0
0
0
29483
0
0
0
1
52.039691
17.006803
false
0
0
0
29931
0
0
0
1
51.167879
16.455696
false
0
0
0
31082
0
0
0
1
48.253823
16.483516
false
0
0
0
30667
0
0
0
1
49.963230
17.757009
false
0
0
0
29916
0
0
0
1
50.307179
16.778523
false
0
0
0
29950
0
0
0
1
49.222729
16.129032
false
0
0
0
30234
0
0
0
1
47.979085
16.783217
false
0
0
0
31174
0
0
0
1
49.052239
15.920398
false
0
0
0
28963
0
0
0
1
51.055991
15.697674
false
0
0
0
30398
0
0
0
1
49.023703
16.167665
false
0
0
0
30165
0
0
0
1
48.630113
17.687075
false
0
0
0
29163
0
0
0
1
50.466795
15.950920
false
0
0
0
30206
0
0
0
1
48.799520
15.789474
false
0
0
0
31654
0
0
0
1
50.231095
16.025641
false
0
0
0
31156
0
0
0
1
50.030990
16.564417
false
0
0
0
30655
0
0
0
1
49.823358
16.935484
false
0
0
0
29438
0
0
0
1
48.911207
18.589744
false
0
0
0
31365
0
0
0
1
46.090746
21.428571
false
0
0
0
31208
0
0
0
1
47.154809
14.973262
false
0
0
0
31316
0
0
0
1
47.961171
19.191919
false
0
0
0
31832
0
0
0
1
49.011590
15.189873
false
0
0
0
31060
0
0
0
1
50.101039
16.037736
false
0
0
0
28207
