0
0
0
6
3.737024
43.452381
false
0
4
4
4335
0
0
0
10
4.158999
38.714534
false
0
3
7
24378
4
0
0
26
11.071761
44.161123
false
0
15
18
21412
0
0
0
1
0.000000
35.897436
false
0
1
1
779
0
0
0
12
17.861791
33.842563
false
0
2
8
16135
0
0
0
2
10.643390
35.864041
false
0
0
1
7103
0
0
0
2
11.491108
38.044672
false
0
0
1
6579
0
0
0
2
0.214585
32.905405
false
0
1
1
110446
0
0
0
4
4.331183
20.571038
false
0
0
0
101358
0
0
0
6
18.572190
50.435471
false
0
0
2
8552
0
0
0
2
9.713478
31.214906
false
0
0
1
7783
0
0
0
1
99.796590
NaN
false
0
0
0
20648
0
0
0
24
57.144128
83.438662
false
0
25
17
44940
0
0
0
2
12.231031
35.433358
false
0
0
1
6181
0
0
0
5
6.130628
26.196404
false
0
0
3
15969
0
0
0
5
9.394813
42.260442
false
0
5
1
8675
0
0
0
4
1.488852
52.570058
false
0
1
3
13769
0
0
0
10
3.849357
34.633400
false
0
3
7
26375
0
0
0
6
7.328754
65.667666
false
0
67
3
26935
0
0
0
2
9.593909
29.556530
false
0
0
1
7880
0
0
0
13
4.637374
15.837478
false
0
18
3
108281
0
0
0
2
5.913556
17.196626
false
0
1
1
4125
0
0
0
1
0.000000
24.775225
false
0
1
1
3686
1
0
1
7
4.626177
48.478196
false
0
2
6
17931
0
0
0
10
3.950895
36.732993
false
0
3
7
25693
0
0
0
24
17.685310
42.352425
false
0
17
4
59360
0
0
0
2
10.945418
33.802817
false
0
0
1
6907
0
0
0
1
99.719159
100.000000
false
0
0
0
14599
0
0
0
3
0.497372
15.346947
false
0
1
1
156221
0
0
0
3
40.606640
67.710997
false
0
1
1
14638
0
0
0
1
10.511268
19.862425
false
0
0
0
5946
0
0
0
2
11.485871
35.030759
false
0
0
1
6582
0
0
0
1
0.000000
33.870968
false
0
1
1
807
0
0
0
4
0.278432
59.458533
false
2
0
4
123549
0
0
0
16
37.122356
60.476190
false
0
1
11
5296
0
0
0
2
11.119282
30.974513
false
0
0
1
6799
0
0
0
6
8.343901
69.990637
false
0
67
3
23658
0
0
0
2
10.037175
34.437464
false
0
0
1
7532
0
0
0
14
29.130238
39.360045
false
0
0
9
50899
0
0
0
2
35.579642
58.595285
false
0
2
0
12732
0
0
0
2
12.053571
33.771172
false
0
0
1
6272
0
0
0
2
5.432530
50.712589
false
0
1
1
9167
0
0
0
16
42.515287
20.335864
false
0
18
9
45249
0
0
0
1
53.235202
77.313433
false
0
0
0
12704
0
0
0
12
15.861310
33.326705
false
0
2
8
18170
0
0
0
14
27.445572
40.865248
false
0
0
9
54016
1
0
1
1
12.406783
84.541763
false
0
1
1
18103
0
0
0
1
24.237973
64.285714
false
0
0
0
2723
0
0
0
10
3.919830
35.465347
false
0
3
7
25862
0
0
0
7
60.045274
44.894366
false
0
0
2
10602
0
0
0
7
7.686485
28.017493
false
0
0
4
14529
0
0
0
5
34.578047
44.853442
false
0
0
0
20808
0
0
0
4
0.278394
59.126578
false
2
0
4
123566
0
0
1
20
18.979834
22.433460
false
2
3
17
9273
0
0
0
6
8.443836
72.296803
false
0
67
3
23378
0
0
0
34
12.675556
70.585676
false
0
28
22
59092
0
0
0
10
4.395747
42.752642
false
0
4
7
23096
0
0
0
0
0.000000
21.772845
false
0
0
0
7449
0
0
0
1
0.000000
32.621951
false
0
1
1
1890
0
0
0
1
92.243187
NaN
false
0
0
0
477
0
0
0
26
24.334419
33.198847
false
0
18
4
70950
0
0
0
1
0.000000
52.359722
false
2
1
2
16042
0
0
0
6
7.310570
59.024166
false
0
67
3
27002
0
0
0
4
1.493734
51.885938
false
0
1
3
13724
0
0
0
16
6.533667
55.375619
false
0
0
10
33448
0
0
0
20
9.790192
73.246419
false
0
51
4
80535
0
0
0
1
24.282561
64.344262
false
0
0
0
2718
0
0
0
13
10.374804
14.984122
false
0
6
5
49119
0
0
0
1
24.166972
62.845850
false
0
0
0
2731
0
0
0
12
14.601277
34.498394
false
0
2
8
19738
0
0
0
15
70.275598
21.188119
false
0
3
4
51742
0
0
0
3
44.631710
11.684303
false
0
2
1
6408
0
0
0
34
11.581275
70.864676
false
0
32
22
64668
0
0
0
23
31.942204
45.182518
false
0
14
5
42695
0
0
0
0
0.000000
60.000000
true
0
0
0
200
0
0
0
2
10.700637
32.817066
false
0
0
1
7065
0
0
0
1
0.000000
37.941788
false
0
1
1
7833
0
0
0
2
9.909556
29.369456
false
0
0
1
7629
1
0
0
21
19.231256
53.779799
false
0
4
13
39403
0
0
0
2
9.311492
29.930233
false
0
0
1
8119
0
0
0
2
11.404435
34.872979
false
0
0
1
6629
0
0
0
2
11.099692
34.492848
false
0
0
1
6811
0
0
0
2
11.370131
35.615979
false
0
0
1
6649
0
0
0
1
98.232095
65.459610
false
0
0
0
115108
0
0
0
3
2.237960
79.334501
false
0
1
2
3530
0
0
0
4
0.278200
58.411844
false
2
0
4
123652
0
0
0
3
11.987174
40.083549
false
0
0
0
24326
0
0
0
3
3.150774
36.380076
false
0
1
2
10791
0
0
0
1
0.000000
47.305910
false
0
1
1
24964
1
0
1
15
5.402704
31.142153
false
0
10
9
19009
0
0
0
1
0.000000
26.108165
false
0
1
1
6795
0
0
0
2
10.818546
31.550498
false
0
0
1
6988
0
0
0
10
4.538963
45.647305
false
0
3
7
22364
0
0
0
1
0.000000
67.916667
false
0
1
1
3383
0
0
0
10
4.053892
37.387436
false
0
4
7
25011
0
0
0
1
0.000000
19.898379
false
0
1
1
18082
0
0
0
2
10.255019
32.492290
false
0
0
1
7372
0
0
0
6
18.574169
50.435471
false
0
0
2
8551
0
0
0
2
11.332634
35.456110
false
0
0
1
6671
0
0
0
2
10.112360
33.082077
false
0
0
1
7476
0
0
0
6
8.103448
65.811418
false
0
67
3
24360
0
0
0
4
0.278464
59.725086
false
2
0
4
123535
0
0
0
2
13.333333
38.009438
false
0
0
1
5670
0
0
0
7
20.326015
46.951673
false
0
0
3
68095
