3
0
0
30
40.069458
6.807450
false
0
20
11
111147
0
0
0
2
35.579642
58.595285
false
0
2
0
12732
1
0
0
16
19.440462
17.141157
false
0
32
7
59978
1
0
0
31
34.225498
9.571831
false
0
20
9
58883
3
0
0
39
33.035831
12.513060
false
0
18
17
84257
1
0
0
22
24.102818
15.764691
false
0
26
9
54504
2
0
0
25
8.560078
12.835908
false
0
32
12
73504
4
0
0
48
38.019438
10.835203
false
0
52
19
111562
0
0
0
18
10.710222
22.903100
false
0
73
6
116878
3
0
0
30
40.336372
6.676296
false
0
20
11
109456
1
0
0
16
19.503822
16.272212
false
0
31
7
60287
2
0
0
30
26.022408
16.828402
false
0
28
14
68333
1
0
0
17
13.143469
15.098382
false
0
30
7
88659
1
0
0
27
37.956608
19.588366
false
0
21
7
75913
1
0
0
16
18.919459
17.275103
false
0
34
7
60007
2
0
0
43
12.822129
11.614581
false
0
31
25
231659
1
0
0
22
24.132908
15.768965
false
0
26
9
54233
1
0
0
12
15.235937
20.330817
false
0
53
7
45012
1
0
0
16
19.403438
15.749405
false
0
31
7
58592
1
0
0
27
20.963368
9.963100
false
0
14
7
59375
2
0
0
22
21.413051
12.723833
false
2
33
14
71133
2
0
0
57
23.952105
10.887564
false
0
46
14
198672
1
0
0
28
19.659072
16.740591
false
0
61
11
99665
1
0
0
16
18.734978
17.166235
false
0
36
7
61991
0
0
0
19
17.642042
19.676201
false
0
31
9
60967
2
0
0
14
14.618450
28.170919
false
0
56
7
71013
1
0
0
28
19.743845
16.338084
false
2
48
12
95248
2
0
0
25
83.660654
6.570621
false
0
20
14
242413
0
0
0
3
3.469424
20.078486
false
0
1
2
28045
0
0
0
3
2.950989
16.123873
false
0
1
2
32969
1
0
0
14
17.897318
16.520325
false
0
34
6
60360
2
0
0
25
26.129776
11.877801
false
0
40
10
119720
1
0
0
26
19.825591
16.607426
false
0
47
10
93340
0
0
0
14
28.485512
41.767738
false
0
0
9
52044
1
0
0
12
8.183775
29.054942
false
0
100
5
111941
1
0
0
22
21.126851
15.767974
false
0
45
9
62049
2
0
0
22
23.557106
11.606532
false
2
33
14
64738
0
0
0
3
95.155058
5.737705
true
0
0
0
10093
1
0
0
15
11.834055
21.376443
false
0
33
6
102796
1
0
0
22
21.126851
15.767974
false
0
45
9
62049
0
0
0
3
3.487580
20.265892
false
0
1
2
27899
1
0
0
14
18.667239
16.929663
false
0
33
6
60564
4
0
0
48
38.595276
10.840364
false
0
51
19
155818
5
0
2
26
26.354380
9.266873
false
0
26
19
57422
1
0
0
33
33.167545
14.470209
false
0
30
9
181555
1
0
0
22
8.112215
35.399256
false
0
109
12
142110
1
0
0
12
8.297996
31.021510
false
24
77
17
110364
1
0
0
14
17.691044
16.551836
false
0
35
6
60849
6
0
2
29
23.798500
5.995048
false
0
39
23
53986
6
0
2
29
23.798500
5.995048
false
0
39
23
53986
0
0
0
4
4.331183
20.571038
false
0
0
0
101358
1
0
0
28
15.402386
15.234349
false
0
47
11
129424
1
0
0
26
19.784537
16.733221
false
0
47
10
91891
1
0
0
16
19.185846
16.686114
false
0
34
7
60859
1
0
0
22
23.613207
15.775267
false
0
29
9
55668
1
0
0
20
25.530429
22.613348
false
0
23
9
48687
8
0
0
31
25.306465
33.293973
false
0
40
19
238187
1
0
0
19
11.390380
19.071523
false
0
73
8
113789
1
0
0
15
11.941547
21.484794
false
0
32
6
101611
0
0
0
24
57.144128
83.438662
false
0
25
17
44940
8
0
0
31
25.246834
33.007261
false
0
38
19
239167
1
0
0
26
19.443614
16.481633
false
0
47
10
93636
0
0
0
5
16.624438
26.809568
false
0
0
1
12235
1
0
0
22
22.809472
15.775635
false
0
34
9
57897
3
0
0
13
11.154228
26.709552
false
0
64
7
80660
3
0
0
12
27.969543
15.449810
false
0
14
8
33490
1
0
0
16
27.455735
15.863640
false
2
27
7
50542
1
0
0
16
18.920978
17.241961
false
0
35
7
60388
1
0
0
22
14.648976
25.872843
false
0
47
10
95720
2
0
0
18
25.613044
25.995483
false
0
42
9
53789
4
0
0
25
20.670319
11.005408
false
0
18
13
62198
1
0
0
17
13.085165
15.100833
false
0
31
7
88756
1
0
0
22
24.100580
15.773267
false
0
26
9
54285
1
0
0
23
14.727105
15.401161
false
0
28
10
91885
4
0
0
15
15.653772
18.250821
false
0
32
9
63646
1
0
0
31
31.112583
10.662140
false
0
22
9
64903
2
0
0
20
15.797633
16.909553
false
0
25
9
87722
1
0
0
20
25.533400
22.613348
false
0
23
9
48697
1
0
0
28
20.836345
16.725796
false
0
51
11
91322
4
0
0
27
28.861911
14.056133
false
0
22
14
53212
1
0
0
19
12.552743
19.262652
false
0
73
8
102383
1
0
0
14
17.977619
15.661359
false
0
35
6
61351
1
0
0
15
16.527131
16.174284
false
0
33
6
67246
4
0
0
27
29.007396
14.044526
false
0
22
14
51511
2
0
0
42
19.060860
12.369082
false
2
35
25
157165
5
0
0
17
14.378073
21.976811
false
0
19
11
72999
3
0
0
28
8.436338
20.062924
false
4
40
15
217547
1
0
0
16
18.501327
17.406601
false
0
36
7
61401
2
0
0
14
14.618450
28.170919
false
0
56
7
71013
1
0
0
22
30.384908
12.518622
false
0
25
8
62904
0
0
0
3
3.484707
20.956732
false
0
1
2
27922
1
0
0
28
19.705487
16.469968
false
0
47
11
104236
1
0
0
16
19.329004
16.401362
false
0
31
7
59420
1
0
0
19
15.743656
19.217847
false
0
29
8
80985
1
0
0
13
11.688748
21.283560
false
0
31
5
101208
0
0
0
17
21.375475
12.004834
false
0
32
6
52331
1
0
0
23
18.374628
16.027135
false
0
29
10
81285
1
0
0
23
18.578462
16.091875
false
0
28
10
81250
3
0
0
35
27.133023
58.357269
false
0
56
17
126241
1
0
0
16
18.851525
17.178747
false
0
33
7
61438
1
0
0
14
18.171789
16.447099
false
0
33
6
58920
0
0
0
30
29.949948
79.064981
false
1
1
9
25773
1
0
0
33
33.167545
14.470209
false
0
30
9
181555
0
0
0
21
13.497957
17.296280
false
0
34
8
103023
5
0
2
26
21.430918
7.966571
false
0
59
19
70018
1
0
0
33
35.390313
14.564464
false
0
25
9
170118
1
0
0
18
11.978932
15.237436
false
0
45
7
108980
2
0
0
18
1.146167
23.514096
false
0
24
9
1040994
1
0
0
17
12.997996
14.962814
false
0
28
7
88329
2
0
0
42
18.586283
12.596834
false
0
31
24
161172
1
0
0
14
18.307464
17.108168
false
0
32
6
59400
1
0
0
19
11.111396
19.150869
false
0
74
8
117069
0
0
0
20
9.316634
18.022329
false
4
81
9
136675
1
0
0
14
18.507386
16.409962
false
0
31
6
58550
1
0
0
22
23.402430
15.755061
false
0
30
9
55960
5
0
0
23
27.535350
20.800510
false
1
79
14
187410
3
0
0
17
15.547373
18.129416
false
0
26
9
72782
4
0
2
36
20.512041
7.300286
false
0
44
27
62441
2
0
0
58
24.275462
10.895472
false
0
46
14
196907
0
0
0
6
10.044783
36.059480
false
0
0
1
20767
1
0
0
22
16.658523
22.728990
false
0
41
9
79815
3
0
0
34
25.196440
14.953193
false
0
20
13
78649
1
0
0
16
18.642874
17.099351
false
0
35
7
61026
0
0
0
19
20.350797
20.183963
false
0
26
9
52224
0
0
0
28
29.282082
71.145940
false
1
1
7
26354
0
0
0
2
11.485871
35.030759
false
0
0
1
6582
1
0
0
28
15.402386
15.234349
false
0
47
11
129424
0
0
0
4
0.278432
59.458533
false
2
0
4
123549
3
0
0
28
8.360443
20.065056
false
4
40
15
218553
1
0
0
16
19.333922
17.301415
false
0
33
7
59993
1
0
0
22
20.371042
18.399760
false
0
47
11
66190
0
0
0
12
5.671583
35.359848
false
0
17
6
26734
1
0
0
28
20.517187
16.571566
false
0
47
11
91605
1
0
0
35
36.608403
8.249929
false
0
26
15
64456
5
0
2
26
24.072691
8.340584
false
0
41
19
62943
0
0
0
3
3.017054
17.581559
false
0
1
2
32250
0
0
0
8
86.520448
19.823254
false
0
5
4
65152
0
0
0
3
2.713859
17.740759
false
0
1
2
35828
4
0
0
23
23.760179
16.865777
false
0
35
15
42365
1
0
0
22
13.913676
17.900879
false
0
58
9
101756
3
0
0
20
5.020690
20.353199
false
0
23
10
268965
0
0
0
16
42.515287
20.335864
false
0
18
9
45249
1
0
0
16
17.953933
16.377572
false
0
35
8
60476
0
0
0
3
2.770659
17.600547
false
0
1
2
35115
1
0
0
14
18.205064
17.179466
false
0
34
6
59833
1
0
0
15
11.762602
21.315856
false
0
32
6
103429
1
0
0
16
19.461389
16.480050
false
0
31
7
59657
1
0
0
12
14.000755
26.176707
false
0
29
6
63553
0
0
0
3
3.472520
18.971523
false
0
1
2
28020
1
0
0
31
28.273153
76.404751
false
1
1
10
29024
1
0
0
33
34.104174
14.533795
false
0
34
9
176472
1
0
0
14
19.844779
16.640670
false
0
34
6
54502
1
0
0
22
23.382819
15.778894
false
0
30
9
56178
3
0
0
31
29.188925
11.334665
false
0
28
18
38913
2
0
0
22
23.081697
11.669201
false
2
33
14
66000
0
0
0
3
3.240741
19.689119
false
0
1
2
30024
1
0
0
22
23.751127
15.788153
false
0
28
9
55450
3
0
0
30
40.298643
6.789895
false
0
20
11
109964
1
0
0
16
19.257153
16.464036
false
0
31
7
60483
2
0
0
23
22.784810
12.356370
false
0
20
14
47468
1
0
0
22
24.132908
15.768965
false
0
26
9
54233
1
0
0
22
12.123540
15.268594
false
0
51
10
111961
0
0
0
3
2.695664
16.446368
false
0
1
2
36022
1
0
0
22
26.573278
19.251875
false
0
34
9
99004
4
0
0
15
17.322876
26.179267
false
0
23
9
56740
4
0
0
23
23.973817
16.769217
false
0
32
15
42317
0
0
0
3
3.137192
20.275916
false
0
1
2
31015
0
0
0
30
24.030260
86.777312
false
1
1
9
32122
1
0
0
14
18.062109
17.089621
false
0
35
6
59764
1
0
0
22
24.100580
15.773267
false
0
26
9
54285
2
0
0
58
23.765376
11.321924
false
0
46
14
201262
0
0
0
30
29.965062
78.727218
false
1
1
9
25760
2
0
0
18
1.146167
23.514096
false
0
24
9
1040994
4
0
0
25
20.730267
10.982280
false
0
18
13
61793
4
0
2
36
20.512041
7.300286
false
0
44
27
62441
2
0
0
28
27.925799
12.982924
false
0
37
13
76601
1
0
0
14
18.047416
16.223016
false
0
34
6
60399
0
0
0
4
0.278394
59.126578
false
2
0
4
123566
1
0
0
22
18.425095
16.714760
false
0
42
9
72883
1
0
0
14
18.681414
16.470393
false
0
31
6
57765
0
0
1
20
18.979834
22.433460
false
2
3
17
9273
2
0
0
25
29.234876
16.252499
false
0
20
13
39706
0
0
0
19
19.044814
20.229398
false
2
36
10
56030
1
0
0
16
19.041747
17.117882
false
0
34
7
60005
1
0
0
16
18.719749
17.181516
false
0
36
7
60535
4
0
0
34
17.054664
20.144462
false
0
44
18
90912
1
0
0
28
20.468774
16.688476
false
0
49
11
91042
4
0
0
15
15.653772
18.250821
false
0
32
9
63646
1
0
0
22
22.267356
15.791121
false
0
39
9
59576
4
0
0
23
16.121447
16.318848
false
0
33
15
62513
4
0
0
25
20.536639
11.011390
false
0
19
13
62735
4
0
0
48
37.958316
10.835266
false
0
52
19
111931
1
0
0
15
16.687519
16.025269
false
0
34
6
67936
5
0
0
19
9.475226
26.037215
false
0
84
11
157001
3
0
0
26
8.231799
20.173711
false
4
43
14
212736
1
0
0
14
18.667239
16.929663
false
0
33
6
60564
4
0
0
19
23.489816
17.511892
false
0
33
11
102947
6
0
2
29
23.797586
5.960749
false
0
39
23
53841
2
0
0
25
8.294228
12.776260
false
0
36
12
76077
1
0
0
12
14.989744
26.644412
false
0
23
6
58437
0
0
0
3
2.950989
16.123873
false
0
1
2
32969
4
0
0
30
40.140890
6.819082
false
0
21
12
110583
1
0
0
22
29.405156
13.535264
false
0
25
8
64861
3
0
0
34
19.570189
20.797468
false
0
44
17
80393
2
0
0
15
11.126609
20.696618
false
0
37
7
109683
2
0
0
42
19.762536
12.656455
false
0
31
24
151679
1
0
0
16
18.930075
16.441248
false
0
34
7
60794
3
0
0
34
19.397874
20.799208
false
0
44
17
81405
1
0
0
33
35.539749
14.498470
false
0
25
9
169549
1
0
0
17
12.934866
14.982801
false
0
31
7
88188
1
0
0
22
30.076862
19.480519
false
0
34
9
87558
0
0
0
5
13.385934
33.911270
false
0
0
1
14702
4
0
0
23
20.151404
17.016584
false
0
50
15
50329
1
0
0
22
22.761537
15.781544
false
0
35
9
57707
4
0
0
27
29.007396
14.044526
false
0
22
14
51511
0
0
0
5
13.925842
41.739130
false
0
0
1
14132
1
0
0
27
20.963368
9.963100
false
0
14
7
59375
2
0
0
17
16.659689
18.064757
false
0
34
8
66879
5
0
0
15
17.147320
17.772008
false
0
30
10
59537
1
0
0
14
18.060425
16.449656
false
0
34
6
61033
3
0
0
32
29.014701
10.987636
false
0
16
11
65777
0
0
0
30
23.903111
86.146497
false
1
1
8
43555
3
0
0
20
31.239447
16.065309
false
0
16
9
40861
0
0
0
3
3.017054
17.581559
false
0
1
2
32250
3
0
0
26
8.096414
20.064542
false
6
41
15
217479
2
0
0
25
31.428020
10.977160
false
0
22
10
100009
3
0
0
48
38.004334
10.867240
false
0
52
18
111627
2
0
0
23
25.089473
12.275501
false
0
20
14
43216
0
0
0
3
2.618336
17.708655
false
0
1
2
37106
1
0
0
12
8.183775
29.054942
false
0
100
5
111941
1
0
0
16
18.900281
16.991597
false
0
33
7
60758
1
0
0
22
21.126851
15.767974
false
0
45
9
62049
4
0
0
15
16.154776
26.126624
false
0
32
9
60397
1
0
0
17
17.497092
21.332753
false
0
34
7
111733
2
0
0
22
18.678372
17.607574
false
0
28
10
71987
0
0
0
1
24.282561
64.344262
false
0
0
0
2718
6
0
2
31
26.697796
9.236688
false
0
36
22
62883
4
0
0
13
3.311580
28.154086
false
0
115
8
280259
3
0
0
30
40.712985
6.458402
false
0
20
11
109287
1
0
0
35
35.302389
14.723926
false
0
32
10
170672
0
0
0
3
2.703980
17.070655
false
0
1
2
35942
1
0
0
16
19.464994
16.483953
false
0
30
7
59460
1
0
0
23
17.563797
13.411140
false
0
28
10
78844
2
0
0
28
6.855578
22.229332
true
0
15
8
409255
0
0
0
3
3.469424
20.078486
false
0
1
2
28045
2
0
0
25
31.203694
10.518909
false
0
18
10
101473
2
0
0
26
19.859245
16.582956
false
0
47
10
89229
0
0
0
19
19.044814
20.229398
false
2
36
10
56030
4
0
0
23
19.525283
17.100931
false
0
52
15
51062
0
0
0
28
26.857620
54.918191
false
1
1
7
28733
3
0
0
48
37.947588
10.832313
false
0
53
18
111590
1
0
0
37
24.206533
12.587717
false
0
29
16
76178
1
0
0
35
35.409676
14.497609
false
0
26
10
170169
5
0
0
27
26.322041
14.902601
false
0
38
15
59775
1
0
0
30
24.259432
16.746731
false
0
64
12
110283
1
0
0
12
8.297996
31.021510
false
24
77
17
110364
1
0
0
22
15.044937
26.477385
false
0
46
10
93799
1
0
0
16
19.361542
17.153558
false
0
31
7
59675
1
0
0
23
16.398777
16.095328
false
0
58
10
91269
3
0
0
28
8.567022
20.181363
false
4
43
15
213960
5
0
0
19
9.323223
25.881540
false
0
83
11
156117
1
0
0
22
22.267356
15.791121
false
0
39
9
59576
5
0
2
26
27.314277
8.693803
false
0
23
19
55070
1
0
0
28
39.347765
18.072711
false
0
20
15
60801
1
0
0
28
20.468774
16.688476
false
0
49
11
91042
1
0
0
19
15.351841
25.220755
false
0
44
9
73698
0
0
0
3
3.488956
20.033831
false
0
1
2
27888
1
0
0
16
18.880200
17.003339
false
0
35
7
60868
0
0
0
20
9.316634
18.022329
false
4
81
9
136675
1
0
0
16
19.028619
16.606696
false
0
33
7
60889
0
0
0
23
9.518056
20.303723
false
0
85
9
129123
6
0
0
51
12.211493
17.413342
false
2
30
30
152928
3
0
0
24
23.762762
12.043989
false
0
40
13
71431
0
0
0
3
2.614186
17.933821
false
0
1
2
37205
0
0
0
28
10.912202
96.376309
false
1
1
7
70719
1
0
0
12
14.633513
26.402393
false
0
20
6
61597
1
0
0
17
15.025116
14.844823
false
0
29
7
76046
1
0
0
31
32.264868
9.589744
false
0
19
9
62582
1
0
0
19
13.867527
15.158594
false
0
30
9
80620
1
0
0
22
24.132908
15.768965
false
0
26
9
54233
4
0
0
27
18.366461
14.907746
false
0
24
14
80647
1
0
0
15
12.000352
21.613341
false
0
32
6
102388
1
0
0
20
25.528943
22.613348
false
0
23
9
48682
3
0
0
17
18.549437
27.109048
false
0
32
11
59894
1
0
0
19
14.841796
19.246709
false
0
41
8
86755
1
0
0
26
20.111412
16.746028
false
0
47
10
89214
1
0
0
16
19.162792
15.903890
false
0
32
7
60983
1
0
0
6
5.725255
36.212446
false
0
8
3
17709
1
0
0
22
24.160592
15.796746
false
0
26
9
54324
2
0
0
14
13.030387
25.723984
false
0
55
7
79376
4
0
0
48
35.578356
10.857550
false
0
51
19
210660
2
0
0
25
8.322342
12.903381
false
0
36
12
75820
1
0
0
22
19.201045
18.172224
false
2
28
10
72718
0
0
0
28
21.079727
76.227279
false
0
1
6
36713
3
0
0
34
25.867462
15.985918
false
0
22
13
75765
1
0
0
28
19.743845
16.338084
false
2
48
12
95248
1
0
0
14
18.582712
17.081274
false
0
32
6
57982
3
0
0
26
8.114160
20.253947
false
6
41
15
216153
5
0
0
40
29.236984
20.431143
false
0
43
16
135042
1
0
0
18
11.439029
15.241156
false
0
58
7
112559
0
0
0
4
0.278200
58.411844
false
2
0
4
123652
1
0
0
18
18.536712
17.186600
false
0
36
9
61683
0
0
0
19
17.874024
18.707603
false
0
26
9
59662
1
0
0
18
11.494061
15.237918
false
0
55
7
114082
3
0
0
41
16.307642
12.554415
false
0
33
13
169615
1
0
0
21
20.028145
17.671994
false
0
33
9
63953
1
0
0
31
31.112583
10.662140
false
0
22
9
64903
1
0
0
23
17.564860
13.397163
false
0
28
10
78862
3
0
0
36
6.763829
22.124748
true
0
20
16
416344
5
0
0
25
15.953678
12.870937
false
0
48
12
106989
1
0
0
33
35.387885
14.560680
false
0
25
9
170319
2
0
0
18
26.555087
25.866820
false
0
39
9
52698
1
0
0
16
18.880170
17.077954
false
0
35
7
61168
2
0
0
14
13.030387
25.723984
false
0
55
7
79376
1
0
0
33
34.104174
14.533795
false
0
34
9
176472
1
0
0
26
19.964363
16.671917
false
0
51
10
93157
3
0
0
26
8.216539
19.991026
false
4
47
14
217476
1
0
0
16
19.364617
17.271959
false
0
31
7
59051
3
0
0
34
26.007374
14.908483
false
0
24
13
75940
5
0
0
17
15.108997
22.039265
false
0
22
11
70415
1
0
0
16
19.748782
16.568743
false
0
30
7
59934
1
0
0
14
18.231297
17.119285
false
0
34
6
59895
1
0
0
22
24.102818
15.764691
false
0
26
9
54504
1
0
0
14
14.461563
26.310737
false
0
21
8
62620
1
0
0
15
18.978443
20.216175
false
0
15
6
66427
4
0
0
48
37.967072
10.824322
false
0
52
19
111702
2
0
0
20
13.086079
18.589868
false
0
44
10
109303
2
0
0
23
22.784810
12.356370
false
0
20
14
47468
6
0
0
51
12.206119
17.413342
false
2
30
30
153040
1
0
0
35
34.860516
14.526463
false
0
26
10
172778
1
0
0
18
11.551135
15.278702
false
0
42
7
112289
0
0
0
3
2.736451
18.165628
false
0
1
2
35517
2
0
0
18
27.431174
26.280517
false
0
36
9
50490
0
0
0
3
3.229018
20.307661
false
0
1
2
30133
1
0
0
49
42.852475
18.126279
false
0
28
24
287682
1
0
0
20
20.623724
22.613348
false
0
51
9
60251
2
0
0
22
23.449805
11.586881
false
2
33
14
65297
1
0
0
37
24.206533
12.587717
false
0
29
16
76178
1
0
0
22
23.795381
15.782552
false
0
28
9
55557
3
0
0
34
26.627387
13.502538
false
0
22
13
73995
1
0
0
17
3.512651
18.572849
false
2
22
10
132521
6
0
0
51
12.206119
17.413342
false
2
30
30
153040
1
0
0
22
26.423712
12.839792
false
0
26
8
73197
1
0
0
19
15.231291
25.023396
false
0
44
9
73346
1
0
0
13
11.716902
21.324638
false
0
31
5
101016
1
0
0
23
19.072850
17.554637
false
0
29
10
65491
0
0
0
6
18.526786
49.843260
false
0
0
2
8561
3
0
0
34
29.892691
13.987010
false
0
30
20
91691
1
0
0
16
18.956597
17.293486
false
0
33
7
60111
4
0
0
25
20.605110
11.003880
false
0
18
13
61846
0
0
0
19
16.274473
19.327210
false
0
61
9
64109
1
0
0
21
14.199199
19.216152
false
0
44
9
95111
1
0
0
22
22.809472
15.775635
false
0
34
9
57897
1
0
0
15
16.591283
16.114264
false
0
33
6
67432
1
0
0
14
18.023047
16.652101
false
0
34
6
61265
1
0
0
28
20.193168
16.752935
false
0
51
11
92763
1
0
0
22
23.613207
15.775267
false
0
29
9
55668
2
0
0
23
22.784810
12.356370
false
0
20
14
47468
3
0
0
28
8.344595
20.020962
false
4
47
15
219040
1
0
0
23
32.433821
17.107211
false
0
28
10
79819
0
0
0
3
3.472520
18.971523
false
0
1
2
28020
0
0
0
4
0.278464
59.725086
false
2
0
4
123535
0
0
0
3
3.229018
20.307661
false
0
1
2
30133
1
0
0
14
19.059454
16.441406
false
0
36
6
56324
